0,0,0,0,0,0,0,0,0,0
0,0,0,0,0,0,0,0,0,1000
0,0,0,0,0,0,0,0,0,1000
3677,1440,5117,0,0,5117,0,0,5117,1000
6426,1440,7866,0,0,7866,0,0,7866,1000
7554,1440,8994,0,0,8994,0,0,8994,1000
8756,1440,10196,0,0,10196,0,0,10196,1000
9675,1440,11115,0,0,11115,0,0,11115,1000
10937,1440,12377,0,0,12377,0,0,12377,1000
11940,1440,13380,0,0,13380,0,0,13380,1000
13424,1440,14864,0,0,14864,0,0,14864,1000
14215,1440,15655,0,0,15655,0,0,15655,1000
15291,1440,16731,0,0,16731,0,0,16731,1000
12725,0,12725,0,0,12725,0,0,12725,1000
11887,0,11887,0,0,11887,0,0,11887,1000
11569,0,11569,0,0,11569,0,0,11569,1000
11647,0,11647,0,0,11647,0,0,11647,1000
11528,0,11528,0,0,11528,0,0,11528,1000
11650,0,11650,0,0,11650,0,0,11650,1000
11743,0,11743,0,0,11743,0,0,11743,1000
12091,1485,13576,0,0,13576,0,0,13576,1000
12442,2101,14543,0,0,14543,0,0,14543,1000
13167,2714,15881,0,0,15881,0,0,15881,1000
13707,3448,17155,0,0,17155,0,0,17155,1000
14088,5408,19496,0,0,19496,0,0,19496,1000
14435,6040,20475,0,0,20475,0,0,20475,1000
14927,6710,21637,0,0,21637,0,0,21637,1000
15477,7382,22859,0,0,22859,0,0,22859,1000
16459,9207,25666,0,0,25666,0,0,25666,1000
16718,9947,26665,0,0,26665,0,0,26665,1000
16957,9171,26128,0,0,26128,0,0,26128,1000
17391,9326,26717,0,0,26717,0,0,26717,1000
17672,10478,28150,0,0,28150,0,0,28150,1000
17727,10676,28403,0,0,28403,0,0,28403,1000
17713,9544,27257,0,0,27257,0,0,27257,1000
19544,11025,30569,0,0,30569,0,0,30569,1000
19651,11354,31005,0,0,31005,0,0,31005,1000
21187,11622,32809,0,0,32809,0,0,32809,1000
20873,10908,31781,0,0,31781,0,0,31781,1000
22598,12296,34894,0,0,34894,0,0,34894,1000
22286,12630,34916,0,0,34916,0,0,34916,1000
23043,12785,35828,0,0,35828,0,0,35828,1000
22866,11967,34833,0,0,34833,0,0,34833,1000
23922,13056,36978,0,0,36978,0,0,36978,1000
23539,13233,36772,0,0,36772,0,0,36772,1000
23851,11120,34971,0,0,34971,0,0,34971,1000
24113,11535,35648,0,0,35648,0,0,35648,1000
24928,12071,36999,0,0,36999,0,0,36999,1000
25389,10960,36349,0,0,36349,0,0,36349,1000
26328,10259,36587,0,0,36587,0,0,36587,1000
27389,10692,38081,0,0,38081,0,0,38081,1000
29338,11242,40580,0,0,40580,0,0,40580,1000
30458,11771,42229,0,0,42229,0,0,42229,1000
36672,12702,49374,0,0,49374,0,0,49374,1000
36653,11697,48350,0,0,48350,0,0,48350,1000
36698,13105,49803,0,0,49803,0,0,49803,1000
36501,11691,48192,0,0,48192,0,0,48192,1000
36427,11576,48003,0,0,48003,0,0,48003,1000
36308,11576,47884,0,0,47884,0,0,47884,1000
36205,11625,47830,0,0,47830,0,0,47830,1000
35810,10149,45959,0,0,45959,0,0,45959,1000
35804,10149,45953,0,0,45953,0,0,45953,1000
36237,10149,46386,0,0,46386,0,0,46386,1000
32130,8673,40803,0,0,40803,0,0,40803,1000
33800,10149,43949,0,0,43949,0,0,43949,1000
34696,8741,43437,0,0,43437,0,0,43437,1000
35207,10217,45424,0,0,45424,0,0,45424,1000
36664,8856,45520,0,0,45520,0,0,45520,1000
37498,10332,47830,0,0,47830,0,0,47830,1000
39595,10332,49927,0,0,49927,0,0,49927,1000
42478,10332,52810,0,0,52810,0,0,52810,1000
44515,10332,54847,0,0,54847,0,0,54847,1000
44721,10332,55053,0,0,55053,0,0,55053,1000
44723,10332,55055,0,0,55055,0,0,55055,1000
44168,8856,53024,0,0,53024,0,0,53024,1000
45248,10332,55580,0,0,55580,0,0,55580,1000
46005,10332,56337,0,0,56337,0,0,56337,1000
45970,11808,57778,0,0,57778,0,0,57778,1000
46740,10332,57072,0,0,57072,0,0,57072,1000
47415,10332,57747,0,0,57747,0,0,57747,1000
46889,11808,58697,0,0,58697,0,0,58697,1000
45780,10332,56112,0,0,56112,0,0,56112,1000
46186,10332,56518,0,0,56518,0,0,56518,1000
47655,10332,57987,0,0,57987,0,0,57987,1000
48441,10332,58773,0,0,58773,0,0,58773,1000
49617,10332,59949,0,0,59949,0,0,59949,1000
51567,8856,60423,0,0,60423,0,0,60423,1000
53430,8856,62286,0,0,62286,0,0,62286,1000
54011,10332,64343,0,0,64343,0,0,64343,1000
54688,8856,63544,0,0,63544,0,0,63544,1000
54142,8856,62998,0,0,62998,0,0,62998,1000
53337,8856,62193,0,0,62193,0,0,62193,1000
53749,8856,62605,0,0,62605,0,0,62605,1000
55672,8856,64528,0,0,64528,0,0,64528,1000
57226,10332,67558,0,0,67558,0,0,67558,1000
57925,10332,68257,0,0,68257,0,0,68257,1000
57955,10332,68287,0,0,68287,0,0,68287,1000
58260,10332,68592,0,0,68592,0,0,68592,1000
60822,8856,69678,0,0,69678,0,0,69678,1000
58751,10332,69083,0,0,69083,0,0,69083,1000
62897,10332,73229,0,0,73229,0,0,73229,1000
63356,10332,73688,0,0,73688,0,0,73688,1000
65697,10332,76029,0,0,76029,0,0,76029,1000
63983,10332,74315,0,0,74315,0,0,74315,1000
79322,10332,89654,0,0,89654,0,0,89654,1000
72870,8856,81726,0,0,81726,0,0,81726,1000
69883,10332,80215,0,0,80215,0,0,80215,1000
65581,8856,74437,0,0,74437,0,0,74437,1000
66282,10332,76614,0,0,76614,0,0,76614,1000
66748,8856,75604,0,0,75604,0,0,75604,1000
66721,8856,75577,0,0,75577,0,0,75577,1000
67382,10332,77714,0,0,77714,0,0,77714,1000
67446,8856,76302,0,0,76302,0,0,76302,1000
66988,8856,75844,0,0,75844,0,0,75844,1000
56725,7380,64105,0,0,64105,0,0,64105,1000
61922,8856,70778,0,0,70778,0,0,70778,1000
69104,8856,77960,0,0,77960,0,0,77960,1000
72252,8856,81108,0,0,81108,0,0,81108,1000
72546,8856,81402,0,0,81402,0,0,81402,1000
72471,8856,81327,0,0,81327,0,0,81327,1000
73636,8856,82492,0,0,82492,0,0,82492,1000
73203,8856,82059,0,0,82059,0,0,82059,1000
77226,8856,86082,0,0,86082,0,0,86082,1000
76520,8856,85376,0,0,85376,0,0,85376,1000
73820,8856,82676,0,0,82676,0,0,82676,1000
71286,8856,80142,0,0,80142,0,0,80142,1000
71411,7380,78791,0,0,78791,0,0,78791,1000
72311,8856,81167,0,0,81167,0,0,81167,1000
73709,8856,82565,0,0,82565,0,0,82565,1000
74950,8856,83806,0,0,83806,0,0,83806,1000
74717,8856,83573,0,0,83573,0,0,83573,1000
76490,7380,83870,0,0,83870,0,0,83870,1000
74412,8856,83268,0,0,83268,0,0,83268,1000
75146,7380,82526,0,0,82526,0,0,82526,1000
78713,8856,87569,0,0,87569,0,0,87569,1000
81892,8856,90748,0,0,90748,0,0,90748,1000
82738,8856,91594,0,0,91594,0,0,91594,1000
82150,8856,91006,0,0,91006,0,0,91006,1000
80841,8856,89697,0,0,89697,0,0,89697,1000
81490,8856,90346,0,0,90346,0,0,90346,1000
83636,8856,92492,0,0,92492,0,0,92492,1000
83679,8856,92535,0,0,92535,0,0,92535,1000
84846,8856,93702,0,0,93702,0,0,93702,1000
86425,10332,96757,0,0,96757,0,0,96757,1000
83818,8856,92674,0,0,92674,0,0,92674,1000
84400,8856,93256,0,0,93256,0,0,93256,1000
85242,8856,94098,0,0,94098,0,0,94098,1000
86343,8856,95199,0,0,95199,0,0,95199,1000
88882,8856,97738,0,0,97738,0,0,97738,1000
89008,8856,97864,0,0,97864,0,0,97864,1000
88548,8856,97404,0,0,97404,0,0,97404,1000
88166,8856,97022,0,0,97022,0,0,97022,1000
90429,8856,99285,0,0,99285,0,0,99285,1000
90536,8856,99392,0,0,99392,0,0,99392,1000
92866,8856,101722,0,0,101722,0,0,101722,1000
103771,10332,114103,0,0,114103,0,0,114103,1000
97724,10332,108056,0,0,108056,0,0,108056,1000
94851,8856,103707,0,0,103707,0,0,103707,1000
94378,8856,103234,0,0,103234,0,0,103234,1000
95068,10332,105400,0,0,105400,0,0,105400,1000
95183,8856,104039,0,0,104039,0,0,104039,1000
95472,10332,105804,0,0,105804,0,0,105804,1000
95642,10332,105974,0,0,105974,0,0,105974,1000
95937,8856,104793,0,0,104793,0,0,104793,1000
96869,10332,107201,0,0,107201,0,0,107201,1000
88187,8856,97043,0,0,97043,0,0,97043,1000
96099,10332,106431,0,0,106431,0,0,106431,1000
99914,10332,110246,0,0,110246,0,0,110246,1000
101561,10332,111893,0,0,111893,0,0,111893,1000
102182,10332,112514,0,0,112514,0,0,112514,1000
103472,10332,113804,0,0,113804,0,0,113804,1000
106384,10332,116716,0,0,116716,0,0,116716,1000
107498,10332,117830,0,0,117830,0,0,117830,1000
108578,11808,120386,0,0,120386,0,0,120386,1000
108838,10332,119170,0,0,119170,0,0,119170,1000
105645,10332,115977,0,0,115977,0,0,115977,1000
105638,10332,115970,0,0,115970,0,0,115970,1000
107595,10332,117927,0,0,117927,0,0,117927,1000
110025,11808,121833,0,0,121833,0,0,121833,1000
110156,10332,120488,0,0,120488,0,0,120488,1000
110611,11808,122419,0,0,122419,0,0,122419,1000
109413,10332,119745,0,0,119745,0,0,119745,1000
111550,10332,121882,0,0,121882,0,0,121882,1000
114550,10332,124882,0,0,124882,0,0,124882,1000
116451,11808,128259,0,0,128259,0,0,128259,1000
117954,11808,129762,0,0,129762,0,0,129762,1000
117100,10332,127432,0,0,127432,0,0,127432,1000
115418,11808,127226,0,0,127226,0,0,127226,1000
115014,10332,125346,0,0,125346,0,0,125346,1000
116654,10332,126986,0,0,126986,0,0,126986,1000
120963,10332,131295,0,0,131295,0,0,131295,1000
122557,11808,134365,0,0,134365,0,0,134365,1000
121653,11808,133461,0,0,133461,0,0,133461,1000
121762,11808,133570,0,0,133570,0,0,133570,1000
117679,10332,128011,0,0,128011,0,0,128011,1000
125672,10332,136004,0,0,136004,0,0,136004,1000
123526,11808,135334,0,0,135334,0,0,135334,1000
129616,11808,141424,0,0,141424,0,0,141424,1000
126799,10332,137131,0,0,137131,0,0,137131,1000
132962,11808,144770,0,0,144770,0,0,144770,1000
124839,11808,136647,0,0,136647,0,0,136647,1000
129783,10332,140115,0,0,140115,0,0,140115,1000
125483,8856,134339,0,0,134339,0,0,134339,1000
126716,7380,134096,0,0,134096,0,0,134096,1000
125449,7380,132829,0,0,132829,0,0,132829,1000
123464,5904,129368,0,0,129368,0,0,129368,1000
134627,4428,139055,0,0,139055,0,0,139055,1000
127704,2952,130656,0,0,130656,0,0,130656,1000
125114,2952,128066,0,0,128066,0,0,128066,1000
122299,1476,123775,0,0,123775,0,0,123775,1000
121181,0,121181,0,0,121181,0,0,121181,1000
117137,0,117137,0,0,117137,0,0,117137,1000
114474,0,114474,0,0,114474,0,0,114474,1000
116466,0,116466,0,0,116466,0,0,116466,1000
116690,0,116690,0,0,116690,0,0,116690,1000
115549,0,115549,0,0,115549,0,0,115549,1000
103656,0,103656,0,0,103656,0,0,103656,1000
108952,0,108952,0,0,108952,0,0,108952,1000
109744,0,109744,0,0,109744,0,0,109744,1000
109065,2952,112017,0,0,112017,0,0,112017,1000
109593,4428,114021,0,0,114021,0,0,114021,1000
110276,7380,117656,0,0,117656,0,0,117656,1000
109434,7380,116814,0,0,116814,0,0,116814,1000
108482,10332,118814,0,0,118814,0,0,118814,1000
108815,13284,122099,0,0,122099,0,0,122099,1000
108148,14760,122908,0,0,122908,0,0,122908,1000
108618,17712,126330,0,0,126330,0,0,126330,1000
105484,19188,124672,0,0,124672,0,0,124672,1000
105718,20664,126382,0,0,126382,0,0,126382,1000
105822,20664,126486,0,0,126486,0,0,126486,1000
106147,20664,126811,0,0,126811,0,0,126811,1000
109367,20664,130031,0,0,130031,0,0,130031,1000
109463,22140,131603,0,0,131603,0,0,131603,1000
108647,22140,130787,0,0,130787,0,0,130787,1000
111132,22140,133272,0,0,133272,0,0,133272,1000
114058,22140,136198,0,0,136198,0,0,136198,1000
114386,22140,136526,0,0,136526,0,0,136526,1000
118701,23616,142317,0,0,142317,0,0,142317,1000
117144,23616,140760,0,0,140760,0,0,140760,1000
118807,20664,139471,0,0,139471,0,0,139471,1000
118100,19188,137288,0,0,137288,0,0,137288,1000
110544,16236,126780,0,0,126780,0,0,126780,1000
115372,11808,127180,0,0,127180,0,0,127180,1000
110955,8856,119811,0,0,119811,0,0,119811,1000
107343,7380,114723,0,0,114723,0,0,114723,1000
105442,4428,109870,0,0,109870,0,0,109870,1000
103957,1476,105433,0,0,105433,0,0,105433,1000
95931,0,95931,0,0,95931,0,0,95931,1000
99925,0,99925,0,0,99925,0,0,99925,1000
98600,0,98600,0,0,98600,0,0,98600,1000
103108,0,103108,0,0,103108,0,0,103108,1000
108992,0,108992,0,0,108992,0,0,108992,1000
95459,0,95459,0,0,95459,0,0,95459,1000
96498,0,96498,0,0,96498,0,0,96498,1000
96809,1476,98285,0,0,98285,0,0,98285,1000
97179,2952,100131,0,0,100131,0,0,100131,1000
105489,7380,112869,0,0,112869,0,0,112869,1000
107784,8856,116640,0,0,116640,0,0,116640,1000
95801,10332,106133,0,0,106133,0,0,106133,1000
97012,11808,108820,0,0,108820,0,0,108820,1000
96319,14760,111079,0,0,111079,0,0,111079,1000
97057,16236,113293,0,0,113293,0,0,113293,1000
97498,19188,116686,0,0,116686,0,0,116686,1000
93756,20664,114420,0,0,114420,0,0,114420,1000
93611,22140,115751,0,0,115751,0,0,115751,1000
93106,22140,115246,0,0,115246,0,0,115246,1000
84584,20664,105248,0,0,105248,0,0,105248,1000
91116,20664,111780,0,0,111780,0,0,111780,1000
96436,22140,118576,0,0,118576,0,0,118576,1000
97114,22140,119254,0,0,119254,0,0,119254,1000
98258,20664,118922,0,0,118922,0,0,118922,1000
101569,22140,123709,0,0,123709,0,0,123709,1000
102551,22140,124691,0,0,124691,0,0,124691,1000
105608,22140,127748,0,0,127748,0,0,127748,1000
108069,22140,130209,0,0,130209,0,0,130209,1000
108696,22140,130836,0,0,130836,0,0,130836,1000
109065,22140,131205,0,0,131205,0,0,131205,1000
109529,22140,131669,0,0,131669,0,0,131669,1000
107505,22140,129645,0,0,129645,0,0,129645,1000
105685,22140,127825,0,0,127825,0,0,127825,1000
93362,20664,114026,0,0,114026,0,0,114026,1000
95704,19188,114892,0,0,114892,0,0,114892,1000
91805,17712,109517,0,0,109517,0,0,109517,1000
106762,20664,127426,0,0,127426,0,0,127426,1000
108437,20664,129101,0,0,129101,0,0,129101,1000
109883,20664,130547,0,0,130547,0,0,130547,1000
109981,20664,130645,0,0,130645,0,0,130645,1000
109755,20664,130419,0,0,130419,0,0,130419,1000
114130,19188,133318,0,0,133318,0,0,133318,1000
119173,20664,139837,0,0,139837,0,0,139837,1000
135168,22140,157308,0,0,157308,0,0,157308,1000
123977,20664,144641,0,0,144641,0,0,144641,1000
123354,20664,144018,0,0,144018,0,0,144018,1000
124079,19188,143267,0,0,143267,0,0,143267,1000
122620,16236,138856,0,0,138856,0,0,138856,1000
121653,14760,136413,0,0,136413,0,0,136413,1000
123328,11808,135136,0,0,135136,0,0,135136,1000
114263,10332,124595,0,0,124595,0,0,124595,1000
119207,8856,128063,0,0,128063,0,0,128063,1000
119370,5904,125274,0,0,125274,0,0,125274,1000
110713,4428,115141,0,0,115141,0,0,115141,1000
109057,2952,112009,0,0,112009,0,0,112009,1000
111425,0,111425,0,0,111425,0,0,111425,1000
114554,0,114554,0,0,114554,0,0,114554,1000
106163,0,106163,0,0,106163,0,0,106163,1000
106984,0,106984,0,0,106984,0,0,106984,1000
99994,0,99994,0,0,99994,0,0,99994,1000
112594,1476,114070,0,0,114070,0,0,114070,1000
108261,4428,112689,0,0,112689,0,0,112689,1000
108619,7380,115999,0,0,115999,0,0,115999,1000
108797,8856,117653,0,0,117653,0,0,117653,1000
111015,10332,121347,0,0,121347,0,0,121347,1000
101993,11808,113801,0,0,113801,0,0,113801,1000
99061,14760,113821,0,0,113821,0,0,113821,1000
100743,16236,116979,0,0,116979,0,0,116979,1000
102038,17712,119750,0,0,119750,0,0,119750,1000
102842,19188,122030,0,0,122030,0,0,122030,1000
104501,20664,125165,0,0,125165,0,0,125165,1000
99183,20664,119847,0,0,119847,0,0,119847,1000
99803,19188,118991,0,0,118991,0,0,118991,1000
100886,20664,121550,0,0,121550,0,0,121550,1000
101905,20664,122569,0,0,122569,0,0,122569,1000
105593,22140,127733,0,0,127733,0,0,127733,1000
108595,20664,129259,0,0,129259,0,0,129259,1000
112074,22140,134214,0,0,134214,0,0,134214,1000
115898,23616,139514,0,0,139514,0,0,139514,1000
116674,23616,140290,0,0,140290,0,0,140290,1000
117826,23616,141442,0,0,141442,0,0,141442,1000
118422,22140,140562,0,0,140562,0,0,140562,1000
117722,23616,141338,0,0,141338,0,0,141338,1000
116466,20664,137130,0,0,137130,0,0,137130,1000
116744,19188,135932,0,0,135932,0,0,135932,1000
118446,16236,134682,0,0,134682,0,0,134682,1000
118171,14760,132931,0,0,132931,0,0,132931,1000
114581,11808,126389,0,0,126389,0,0,126389,1000
112081,8856,120937,0,0,120937,0,0,120937,1000
110752,7380,118132,0,0,118132,0,0,118132,1000
108911,4428,113339,0,0,113339,0,0,113339,1000
106073,2952,109025,0,0,109025,0,0,109025,1000
105461,0,105461,0,0,105461,0,0,105461,1000
105541,0,105541,0,0,105541,0,0,105541,1000
103672,0,103672,0,0,103672,0,0,103672,1000
100963,1476,102439,0,0,102439,0,0,102439,1000
99886,4428,104314,0,0,104314,0,0,104314,1000
100604,5904,106508,0,0,106508,0,0,106508,1000
100337,8856,109193,0,0,109193,0,0,109193,1000
99054,10332,109386,0,0,109386,0,0,109386,1000
99001,11808,110809,0,0,110809,0,0,110809,1000
98502,13284,111786,0,0,111786,0,0,111786,1000
98445,16236,114681,0,0,114681,0,0,114681,1000
101618,17712,119330,0,0,119330,0,0,119330,1000
102271,20664,122935,0,0,122935,0,0,122935,1000
99797,20664,120461,0,0,120461,0,0,120461,1000
103657,20664,124321,0,0,124321,0,0,124321,1000
104863,20664,125527,0,0,125527,0,0,125527,1000
92494,17712,110206,0,0,110206,0,0,110206,1000
107453,20664,128117,0,0,128117,0,0,128117,1000
104700,22140,126840,0,0,126840,0,0,126840,1000
106913,22140,129053,0,0,129053,0,0,129053,1000
95307,19188,114495,0,0,114495,0,0,114495,1000
104146,20664,124810,0,0,124810,0,0,124810,1000
105135,20664,125799,0,0,125799,0,0,125799,1000
103113,20664,123777,0,0,123777,0,0,123777,1000
96715,19188,115903,0,0,115903,0,0,115903,1000
106074,22140,128214,0,0,128214,0,0,128214,1000
105821,20664,126485,0,0,126485,0,0,126485,1000
111794,22140,133934,0,0,133934,0,0,133934,1000
110664,22140,132804,0,0,132804,0,0,132804,1000
114005,23616,137621,0,0,137621,0,0,137621,1000
124495,25092,149587,0,0,149587,0,0,149587,1000
119786,23616,143402,0,0,143402,0,0,143402,1000
116215,22140,138355,0,0,138355,0,0,138355,1000
127309,23616,150925,0,0,150925,0,0,150925,1000
128488,23616,152104,0,0,152104,0,0,152104,1000
125230,22140,147370,0,0,147370,0,0,147370,1000
122477,22140,144617,0,0,144617,0,0,144617,1000
121610,20664,142274,0,0,142274,0,0,142274,1000
111976,17712,129688,0,0,129688,0,0,129688,1000
107531,14760,122291,0,0,122291,0,0,122291,1000
110490,13284,123774,0,0,123774,0,0,123774,1000
105943,11808,117751,0,0,117751,0,0,117751,1000
108854,10332,119186,0,0,119186,0,0,119186,1000
101128,7380,108508,0,0,108508,0,0,108508,1000
104543,5904,110447,0,0,110447,0,0,110447,1000
97442,2952,100394,0,0,100394,0,0,100394,1000
98799,1476,100275,0,0,100275,0,0,100275,1000
93056,0,93056,0,0,93056,0,0,93056,1000
104921,0,104921,0,0,104921,0,0,104921,1000
104392,1476,105868,0,0,105868,0,0,105868,1000
102354,4428,106782,0,0,106782,0,0,106782,1000
100414,5904,106318,0,0,106318,0,0,106318,1000
100319,8856,109175,0,0,109175,0,0,109175,1000
101594,11808,113402,0,0,113402,0,0,113402,1000
92036,14760,106796,0,0,106796,0,0,106796,1000
86346,16236,102582,0,0,102582,0,0,102582,1000
91606,19188,110794,0,0,110794,0,0,110794,1000
88106,20664,108770,0,0,108770,0,0,108770,1000
94027,22140,116167,0,0,116167,0,0,116167,1000
91754,22140,113894,0,0,113894,0,0,113894,1000
95739,23616,119355,0,0,119355,0,0,119355,1000
90763,22140,112903,0,0,112903,0,0,112903,1000
93137,22140,115277,0,0,115277,0,0,115277,2500
101456,23616,125072,0,0,125072,0,0,125072,2500
102474,23616,126090,0,0,126090,0,0,126090,2500
105050,23616,128666,0,0,128666,0,0,128666,2500
105984,23616,129600,0,0,129600,0,0,129600,2500
106761,23616,130377,0,0,130377,0,0,130377,2500
106407,23616,130023,0,0,130023,0,0,130023,2500
105691,22140,127831,0,0,127831,0,0,127831,2500
107048,22140,129188,0,0,129188,0,0,129188,2500
110748,23616,134364,0,0,134364,0,0,134364,2500
115336,23616,138952,0,0,138952,0,0,138952,2500
114644,23616,138260,0,0,138260,0,0,138260,2500
114420,23616,138036,0,0,138036,0,0,138036,2500
115104,23616,138720,0,0,138720,0,0,138720,2500
114380,23616,137996,0,0,137996,0,0,137996,2500
115700,23616,139316,0,0,139316,0,0,139316,2500
117563,23616,141179,0,0,141179,0,0,141179,2500
122333,25092,147425,0,0,147425,0,0,147425,2500
116955,23616,140571,0,0,140571,0,0,140571,2500
120531,22140,142671,0,0,142671,0,0,142671,2500
113698,20664,134362,0,0,134362,0,0,134362,2500
123323,22140,145463,0,0,145463,0,0,145463,2500
120892,20664,141556,0,0,141556,0,0,141556,2500
123977,22140,146117,0,0,146117,0,0,146117,2500
118180,20664,138844,0,0,138844,0,0,138844,2500
120760,20664,141424,0,0,141424,0,0,141424,2500
113834,19188,133022,0,0,133022,0,0,133022,2500
118883,19188,138071,0,0,138071,0,0,138071,2500
120885,20664,141549,0,0,141549,0,0,141549,2500
111154,19188,130342,0,0,130342,0,0,130342,2500
104942,17712,122654,0,0,122654,0,0,122654,2500
109450,19188,128638,0,0,128638,0,0,128638,2500
105697,17712,123409,0,0,123409,0,0,123409,2500
113319,17712,131031,0,0,131031,0,0,131031,2500
110350,17712,128062,0,0,128062,0,0,128062,2500
115222,19188,134410,0,0,134410,0,0,134410,2500
112718,17712,130430,0,0,130430,0,0,130430,2500
116634,19188,135822,0,0,135822,0,0,135822,2500
111869,17712,129581,0,0,129581,0,0,129581,2500
125518,20664,146182,0,0,146182,0,0,146182,2500
125044,20664,145708,0,0,145708,0,0,145708,2500
124942,20664,145606,0,0,145606,0,0,145606,2500
124426,20664,145090,0,0,145090,0,0,145090,2500
124903,20664,145567,0,0,145567,0,0,145567,2500
126976,22140,149116,0,0,149116,0,0,149116,2500
130443,22140,152583,0,0,152583,0,0,152583,2500
131024,22140,153164,0,0,153164,0,0,153164,2500
133562,23616,157178,0,0,157178,0,0,157178,2500
133661,23616,157277,0,0,157277,0,0,157277,2500
134284,22140,156424,0,0,156424,0,0,156424,2500
133787,22140,155927,0,0,155927,0,0,155927,2500
138038,22140,160178,0,0,160178,0,0,160178,2500
142681,22140,164821,0,0,164821,0,0,164821,2500
143572,23616,167188,0,0,167188,0,0,167188,2500
139654,20664,160318,0,0,160318,0,0,160318,2500
138940,20664,159604,0,0,159604,0,0,159604,2500
140520,20664,161184,0,0,161184,0,0,161184,2500
140357,19188,159545,0,0,159545,0,0,159545,2500
141636,19188,160824,0,0,160824,0,0,160824,2500
145091,20664,165755,0,0,165755,0,0,165755,2500
146244,20664,166908,0,0,166908,0,0,166908,2500
150572,20664,171236,0,0,171236,0,0,171236,2500
149215,22140,171355,0,0,171355,0,0,171355,2500
148750,20664,169414,0,0,169414,0,0,169414,2500
155093,22140,177233,0,0,177233,0,0,177233,2500
155325,22140,177465,0,0,177465,0,0,177465,2500
153343,22140,175483,0,0,175483,0,0,175483,2500
154074,20664,174738,0,0,174738,0,0,174738,2500
152256,20664,172920,0,0,172920,0,0,172920,2500
155159,20664,175823,0,0,175823,0,0,175823,2500
156513,20664,177177,0,0,177177,0,0,177177,2500
154557,20664,175221,0,0,175221,0,0,175221,2500
156580,19188,175768,0,0,175768,0,0,175768,2500
164407,20664,185071,0,0,185071,0,0,185071,2500
165026,20664,185690,0,0,185690,0,0,185690,2500
169414,20664,190078,0,0,190078,0,0,190078,2500
171602,20664,192266,0,0,192266,0,0,192266,2500
169437,22140,191577,0,0,191577,0,0,191577,2500
170387,22140,192527,0,0,192527,0,0,192527,2500
167334,20664,187998,0,0,187998,0,0,187998,2500
174003,22140,196143,0,0,196143,0,0,196143,2500
168578,20664,189242,0,0,189242,0,0,189242,2500
168562,20664,189226,0,0,189226,0,0,189226,2500
167023,20664,187687,0,0,187687,0,0,187687,2500
166724,20664,187388,0,0,187388,0,0,187388,2500
170822,19188,190010,0,0,190010,0,0,190010,2500
172691,20664,193355,0,0,193355,0,0,193355,2500
165042,17712,182754,0,0,182754,0,0,182754,2500
186810,20664,207474,0,0,207474,0,0,207474,2500
178564,19188,197752,0,0,197752,0,0,197752,2500
198171,20664,218835,0,0,218835,0,0,218835,2500
187193,20664,207857,0,0,207857,0,0,207857,2500
188272,19188,207460,0,0,207460,0,0,207460,2500
191701,19188,210889,0,0,210889,0,0,210889,2500
189975,20664,210639,0,0,210639,0,0,210639,2500
186797,19188,205985,0,0,205985,0,0,205985,2500
189311,19188,208499,0,0,208499,0,0,208499,2500
193015,20664,213679,0,0,213679,0,0,213679,2500
193530,19188,212718,0,0,212718,0,0,212718,2500
197221,19188,216409,0,0,216409,0,0,216409,2500
204887,20664,225551,0,0,225551,0,0,225551,2500
204838,20664,225502,0,0,225502,0,0,225502,2500
201939,20664,222603,0,0,222603,0,0,222603,2500
201105,20664,221769,0,0,221769,0,0,221769,2500
204926,19188,224114,0,0,224114,0,0,224114,2500
209926,19188,229114,0,0,229114,0,0,229114,2500
212143,20664,232807,0,0,232807,0,0,232807,2500
211100,19188,230288,0,0,230288,0,0,230288,2500
206765,19188,225953,0,0,225953,0,0,225953,2500
209905,19188,229093,0,0,229093,0,0,229093,2500
212352,19188,231540,0,0,231540,0,0,231540,2500
216177,17712,233889,0,0,233889,0,0,233889,2500
221675,19188,240863,0,0,240863,0,0,240863,2500
219443,19188,238631,0,0,238631,0,0,238631,2500
219517,20664,240181,0,0,240181,0,0,240181,2500
220389,20664,241053,0,0,241053,0,0,241053,2500
221573,20664,242237,0,0,242237,0,0,242237,2500
223571,20664,244235,0,0,244235,0,0,244235,2500
224035,20664,244699,0,0,244699,0,0,244699,2500
223988,20664,244652,0,0,244652,0,0,244652,2500
218714,20664,239378,0,0,239378,0,0,239378,2500
217099,20664,237763,0,0,237763,0,0,237763,2500
219083,19188,238271,0,0,238271,0,0,238271,2500
224150,20664,244814,0,0,244814,0,0,244814,2500
223152,19188,242340,0,0,242340,0,0,242340,2500
226758,19188,245946,0,0,245946,0,0,245946,2500
227813,19188,247001,0,0,247001,0,0,247001,2500
233390,19188,252578,0,0,252578,0,0,252578,2500
237175,20664,257839,0,0,257839,0,0,257839,2500
239773,20664,260437,0,0,260437,0,0,260437,2500
244377,20664,265041,0,0,265041,0,0,265041,2500
248444,20664,269108,0,0,269108,0,0,269108,2500
240290,20664,260954,0,0,260954,0,0,260954,2500
244872,20664,265536,0,0,265536,0,0,265536,2500
247065,20664,267729,0,0,267729,0,0,267729,2500
253278,20664,273942,0,0,273942,0,0,273942,2500
250064,20664,270728,0,0,270728,0,0,270728,2500
250301,20664,270965,0,0,270965,0,0,270965,2500
244508,19188,263696,0,0,263696,0,0,263696,2500
253044,19188,272232,0,0,272232,0,0,272232,2500
253380,19188,272568,0,0,272568,0,0,272568,2500
256780,19188,275968,0,0,275968,0,0,275968,2500
260986,20664,281650,0,0,281650,0,0,281650,2500
259842,19188,279030,0,0,279030,0,0,279030,2500
255955,19188,275143,0,0,275143,0,0,275143,2500
253934,20664,274598,0,0,274598,0,0,274598,2500
258568,19188,277756,0,0,277756,0,0,277756,2500
263173,20664,283837,0,0,283837,0,0,283837,2500
271567,20664,292231,0,0,292231,0,0,292231,2500
268789,22140,290929,0,0,290929,0,0,290929,2500
263271,20664,283935,0,0,283935,0,0,283935,2500
264065,20664,284729,0,0,284729,0,0,284729,2500
266086,20664,286750,0,0,286750,0,0,286750,2500
271551,20664,292215,0,0,292215,0,0,292215,2500
271901,22140,294041,0,0,294041,0,0,294041,2500
276614,20664,297278,0,0,297278,0,0,297278,2500
274425,22140,296565,0,0,296565,0,0,296565,2500
275625,20664,296289,0,0,296289,0,0,296289,2500
272077,22140,294217,0,0,294217,0,0,294217,2500
274700,20664,295364,0,0,295364,0,0,295364,2500
279969,22140,302109,0,0,302109,0,0,302109,2500
281146,22140,303286,0,0,303286,0,0,303286,2500
286574,22140,308714,0,0,308714,0,0,308714,2500
286573,22140,308713,0,0,308713,0,0,308713,2500
289094,22140,311234,0,0,311234,0,0,311234,2500
289738,22140,311878,0,0,311878,0,0,311878,2500
294642,22140,316782,0,0,316782,0,0,316782,2500
293613,22140,315753,0,0,315753,0,0,315753,2500
292305,22140,314445,0,0,314445,0,0,314445,2500
292986,22140,315126,0,0,315126,0,0,315126,2500
298902,22140,321042,0,0,321042,0,0,321042,2500
300429,23616,324045,0,0,324045,0,0,324045,2500
305157,23616,328773,0,0,328773,0,0,328773,2500
310357,25092,335449,0,0,335449,0,0,335449,2500
306751,23616,330367,0,0,330367,0,0,330367,2500
316634,25092,341726,0,0,341726,0,0,341726,2500
307701,23616,331317,0,0,331317,0,0,331317,2500
318460,25092,343552,0,0,343552,0,0,343552,2500
318065,23616,341681,0,0,341681,0,0,341681,2500
325393,25092,350485,0,0,350485,0,0,350485,2500
316026,25092,341118,0,0,341118,0,0,341118,2500
327447,22140,349587,0,0,349587,0,0,349587,2500
310091,19188,329279,0,0,329279,0,0,329279,2500
314654,16236,330890,0,0,330890,0,0,330890,2500
309864,14760,324624,0,0,324624,0,0,324624,2500
307384,11808,319192,0,0,319192,0,0,319192,2500
306327,10332,316659,0,0,316659,0,0,316659,2500
299458,8856,308314,0,0,308314,0,0,308314,2500
297662,8856,306518,0,0,306518,0,0,306518,2500
289178,8856,298034,0,0,298034,0,0,298034,2500
286676,7380,294056,0,0,294056,0,0,294056,2500
277786,10332,288118,0,0,288118,0,0,288118,2500
280471,11808,292279,0,0,292279,0,0,292279,2500
270579,13284,283863,0,0,283863,0,0,283863,2500
271987,14760,286747,0,0,286747,0,0,286747,2500
268827,17712,286539,0,0,286539,0,0,286539,2500
265691,19188,284879,0,0,284879,0,0,284879,2500
273090,20664,293754,0,0,293754,0,0,293754,2500
272179,20664,292843,0,0,292843,0,0,292843,2500
243892,17712,261604,0,0,261604,0,0,261604,2500
220708,16236,236944,0,0,236944,0,0,236944,600
187013,13284,200297,0,0,200297,0,0,200297,600
260116,11808,271924,0,0,271924,0,0,271924,600
278079,10332,288411,0,0,288411,0,0,288411,600
282642,8856,291498,0,0,291498,0,0,291498,600
277914,7380,285294,0,0,285294,0,0,285294,600
279203,7380,286583,0,0,286583,0,0,286583,600
269481,4428,273909,0,0,273909,0,0,273909,600
268352,2952,271304,0,0,271304,0,0,271304,600
293418,2952,296370,0,0,296370,0,0,296370,600
311646,2952,314598,0,0,314598,0,0,314598,600
343131,2952,346083,0,0,346083,0,0,346083,600
265523,2952,268475,0,0,268475,0,0,268475,600
256930,2952,259882,0,0,259882,0,0,259882,600
246531,2952,249483,0,0,249483,0,0,249483,600
238495,1476,239971,0,0,239971,0,0,239971,600
231780,0,231780,0,0,231780,0,0,231780,600
222430,0,222430,0,0,222430,0,0,222430,600
215291,0,215291,0,0,215291,0,0,215291,600
207608,0,207608,0,0,207608,0,0,207608,600
202106,0,202106,0,0,202106,0,0,202106,600
185366,0,185366,0,0,185366,0,0,185366,600
178270,0,178270,0,0,178270,0,0,178270,600
152346,0,152346,0,0,152346,0,0,152346,600
145039,0,145039,0,0,145039,0,0,145039,600
133170,0,133170,0,0,133170,0,0,133170,600
124488,0,124488,0,0,124488,0,0,124488,600
113488,0,113488,0,0,113488,0,0,113488,600
105633,0,105633,0,0,105633,0,0,105633,600
97514,0,97514,0,0,97514,0,0,97514,600
90271,0,90271,0,0,90271,0,0,90271,600
83075,0,83075,0,0,83075,0,0,83075,600
78648,0,78648,0,0,78648,0,0,78648,600
74093,0,74093,0,0,74093,0,0,74093,600
72149,0,72149,0,0,72149,0,0,72149,600
70774,0,70774,0,0,70774,0,0,70774,600
69967,0,69967,0,0,69967,0,0,69967,600
67338,0,67338,0,0,67338,0,0,67338,600
66171,0,66171,0,0,66171,0,0,66171,600
64858,0,64858,0,0,64858,0,0,64858,600
64371,0,64371,0,0,64371,0,0,64371,600
63945,0,63945,0,0,63945,0,0,63945,600
64450,0,64450,0,0,64450,0,0,64450,600
65329,0,65329,0,0,65329,0,0,65329,600
65385,0,65385,0,0,65385,0,0,65385,600
65476,0,65476,0,0,65476,0,0,65476,600
65160,0,65160,0,0,65160,0,0,65160,600
65434,0,65434,0,0,65434,0,0,65434,600
64195,0,64195,0,0,64195,0,0,64195,600
61298,0,61298,0,0,61298,0,0,61298,600
60009,0,60009,0,0,60009,0,0,60009,600
57398,0,57398,0,0,57398,0,0,57398,600
54385,0,54385,0,0,54385,0,0,54385,600
50291,0,50291,0,0,50291,0,0,50291,600
48876,0,48876,0,0,48876,0,0,48876,600
44721,0,44721,0,0,44721,0,0,44721,600
44390,0,44390,0,0,44390,0,0,44390,600
40749,0,40749,0,0,40749,0,0,40749,600
43216,0,43216,0,0,43216,0,0,43216,600
42255,0,42255,0,0,42255,0,0,42255,600
44419,1476,45895,0,0,45895,0,0,45895,600
43399,2952,46351,0,0,46351,0,0,46351,600
43720,4428,48148,0,0,48148,0,0,48148,600
41406,5649,47055,0,0,47055,0,0,47055,600
47527,10077,57604,0,0,57604,0,0,57604,600
44017,10077,54094,0,0,54094,0,0,54094,600
45506,12725,58231,0,0,58231,0,0,58231,600
47152,14201,61353,0,0,61353,0,0,61353,600
47236,17153,64389,0,0,64389,0,0,64389,600
46765,20105,66870,0,0,66870,0,0,66870,600
45374,20105,65479,0,0,65479,0,0,65479,600
45276,21581,66857,0,0,66857,0,0,66857,600
47189,23057,70246,0,0,70246,0,0,70246,600
48452,23312,71764,0,0,71764,0,0,71764,600
44789,21836,66625,0,0,66625,0,0,66625,600
48308,23312,71620,0,0,71620,0,0,71620,600
50137,23616,73753,0,0,73753,0,0,73753,600
50081,25092,75173,0,0,75173,0,0,75173,600
50703,25092,75795,0,0,75795,0,0,75795,600
52199,23616,75815,0,0,75815,0,0,75815,600
54831,25092,79923,0,0,79923,0,0,79923,600
55803,23616,79419,0,0,79419,0,0,79419,600
58830,25092,83922,0,0,83922,0,0,83922,600
61979,26568,88547,0,0,88547,0,0,88547,600
63254,25092,88346,0,0,88346,0,0,88346,600
63693,25092,88785,0,0,88785,0,0,88785,600
64625,25092,89717,0,0,89717,0,0,89717,600
64652,23616,88268,0,0,88268,0,0,88268,600
64755,20664,85419,0,0,85419,0,0,85419,600
65990,19188,85178,0,0,85178,0,0,85178,600
69818,16236,86054,0,0,86054,0,0,86054,600
67865,14760,82625,0,0,82625,0,0,82625,600
64595,10332,74927,0,0,74927,0,0,74927,600
61064,7380,68444,0,0,68444,0,0,68444,600
58962,5904,64866,0,0,64866,0,0,64866,600
57472,4428,61900,0,0,61900,0,0,61900,600
54049,1476,55525,0,0,55525,0,0,55525,600
52761,0,52761,0,0,52761,0,0,52761,600
50999,0,50999,0,0,50999,0,0,50999,600
49668,0,49668,0,0,49668,0,0,49668,600
43421,0,43421,0,0,43421,0,0,43421,600
45318,0,45318,0,0,45318,0,0,45318,600
44032,0,44032,0,0,44032,0,0,44032,600
46105,2952,49057,0,0,49057,0,0,49057,600
43753,4428,48181,0,0,48181,0,0,48181,600
45850,7380,53230,0,0,53230,0,0,53230,600
43905,8856,52761,0,0,52761,0,0,52761,600
45711,11808,57519,0,0,57519,0,0,57519,600
45675,14760,60435,0,0,60435,0,0,60435,600
46014,17712,63726,0,0,63726,0,0,63726,600
44734,19188,63922,0,0,63922,0,0,63922,600
47039,22140,69179,0,0,69179,0,0,69179,600
47548,23616,71164,0,0,71164,0,0,71164,600
48306,23616,71922,0,0,71922,0,0,71922,600
49170,23616,72786,0,0,72786,0,0,72786,600
61660,28044,89704,0,0,89704,0,0,89704,600
58995,27010,86005,0,0,86005,0,0,86005,600
55341,24613,79954,0,0,79954,0,0,79954,600
57442,24613,82055,0,0,82055,0,0,82055,600
55571,22793,78364,0,0,78364,0,0,78364,600
55295,22793,78088,0,0,78088,0,0,78088,600
53963,19841,73804,0,0,73804,0,0,73804,600
53028,18365,71393,0,0,71393,0,0,71393,600
52767,15413,68180,0,0,68180,0,0,68180,600
52577,13937,66514,0,0,66514,0,0,66514,600
39744,9509,49253,0,0,49253,0,0,49253,600
42498,10543,53041,0,0,53041,0,0,53041,600
47472,12940,60412,0,0,60412,0,0,60412,600
44983,11464,56447,0,0,56447,0,0,56447,600
45016,11808,56824,0,0,56824,0,0,56824,600
48068,13284,61352,0,0,61352,0,0,61352,600
49242,16236,65478,0,0,65478,0,0,65478,600
49828,19188,69016,0,0,69016,0,0,69016,600
49370,22140,71510,0,0,71510,0,0,71510,600
49334,23616,72950,0,0,72950,0,0,72950,600
50581,23616,74197,0,0,74197,0,0,74197,600
51619,23616,75235,0,0,75235,0,0,75235,600
52494,23616,76110,0,0,76110,0,0,76110,600
52248,25092,77340,0,0,77340,0,0,77340,600
56271,26568,82839,0,0,82839,0,0,82839,600
54602,25092,79694,0,0,79694,0,0,79694,600
54607,25092,79699,0,0,79699,0,0,79699,600
55021,23616,78637,0,0,78637,0,0,78637,600
56759,22140,78899,0,0,78899,0,0,78899,600
57736,22140,79876,0,0,79876,0,0,79876,600
57956,22140,80096,0,0,80096,0,0,80096,600
58294,22140,80434,0,0,80434,0,0,80434,600
58130,20664,78794,0,0,78794,0,0,78794,600
59018,19188,78206,0,0,78206,0,0,78206,600
59721,19188,78909,0,0,78909,0,0,78909,600
60354,19188,79542,0,0,79542,0,0,79542,600
61993,19188,81181,0,0,81181,0,0,81181,600
63095,19188,82283,0,0,82283,0,0,82283,600
63922,20664,84586,0,0,84586,0,0,84586,600
65285,19188,84473,0,0,84473,0,0,84473,600
69061,16236,85297,0,0,85297,0,0,85297,600
69222,14760,83982,0,0,83982,0,0,83982,600
66239,13284,79523,0,0,79523,0,0,79523,600
65689,11808,77497,0,0,77497,0,0,77497,600
64089,8856,72945,0,0,72945,0,0,72945,600
63686,7380,71066,0,0,71066,0,0,71066,600
62766,4428,67194,0,0,67194,0,0,67194,600
62107,2952,65059,0,0,65059,0,0,65059,600
61352,0,61352,0,0,61352,0,0,61352,600
60099,1476,61575,0,0,61575,0,0,61575,600
56658,2952,59610,0,0,59610,0,0,59610,600
61695,5904,67599,0,0,67599,0,0,67599,600
63537,8856,72393,0,0,72393,0,0,72393,600
64422,10332,74754,0,0,74754,0,0,74754,600
65376,11808,77184,0,0,77184,0,0,77184,600
64758,13284,78042,0,0,78042,0,0,78042,600
64345,16236,80581,0,0,80581,0,0,80581,600
64170,16236,80406,0,0,80406,0,0,80406,600
65407,16236,81643,0,0,81643,0,0,81643,600
64637,14760,79397,0,0,79397,0,0,79397,600
62989,13284,76273,0,0,76273,0,0,76273,600
56367,10332,66699,0,0,66699,0,0,66699,600
55995,7380,63375,0,0,63375,0,0,63375,600
55269,5904,61173,0,0,61173,0,0,61173,600
55894,4428,60322,0,0,60322,0,0,60322,600
56210,2952,59162,0,0,59162,0,0,59162,600
54388,1476,55864,0,0,55864,0,0,55864,600
53126,2952,56078,0,0,56078,0,0,56078,600
49866,5904,55770,0,0,55770,0,0,55770,600
49692,7380,57072,0,0,57072,0,0,57072,600
52680,11808,64488,0,0,64488,0,0,64488,600
54707,13284,67991,0,0,67991,0,0,67991,600
55542,16236,71778,0,0,71778,0,0,71778,600
54824,17712,72536,0,0,72536,0,0,72536,600
52651,20664,73315,0,0,73315,0,0,73315,600
52151,23616,75767,0,0,75767,0,0,75767,600
54025,25092,79117,0,0,79117,0,0,79117,600
55258,25092,80350,0,0,80350,0,0,80350,600
56122,25092,81214,0,0,81214,0,0,81214,600
56918,25092,82010,0,0,82010,0,0,82010,600
56102,23616,79718,0,0,79718,0,0,79718,600
56110,25092,81202,0,0,81202,0,0,81202,600
55445,25092,80537,0,0,80537,0,0,80537,600
56592,25092,81684,0,0,81684,0,0,81684,600
58331,23616,81947,0,0,81947,0,0,81947,600
59334,22140,81474,0,0,81474,0,0,81474,1000
60519,20664,81183,0,0,81183,0,0,81183,1000
62631,19188,81819,0,0,81819,0,0,81819,1000
63948,16236,80184,0,0,80184,0,0,80184,1000
63059,14760,77819,0,0,77819,0,0,77819,1000
61385,11808,73193,0,0,73193,0,0,73193,1000
59722,8856,68578,0,0,68578,0,0,68578,1000
58514,5904,64418,0,0,64418,0,0,64418,1000
57005,4428,61433,0,0,61433,0,0,61433,1000
56490,2952,59442,0,0,59442,0,0,59442,1000
55507,2952,58459,0,0,58459,0,0,58459,1000
53142,4428,57570,0,0,57570,0,0,57570,1000
50113,5904,56017,0,0,56017,0,0,56017,1000
48600,8856,57456,0,0,57456,0,0,57456,1000
48613,11808,60421,0,0,60421,0,0,60421,1000
48446,14760,63206,0,0,63206,0,0,63206,1000
49180,16236,65416,0,0,65416,0,0,65416,1000
63100,23616,86716,0,0,86716,0,0,86716,1000
60273,24037,84310,0,0,84310,0,0,84310,1000
55584,25279,80863,0,0,80863,0,0,80863,1000
56983,25279,82262,0,0,82262,0,0,82262,1000
58758,25279,84037,0,0,84037,0,0,84037,1000
59370,26755,86125,0,0,86125,0,0,86125,1000
59517,26755,86272,0,0,86272,0,0,86272,1000
60381,25279,85660,0,0,85660,0,0,85660,1000
60145,25279,85424,0,0,85424,0,0,85424,1000
60226,25279,85505,0,0,85505,0,0,85505,1000
48517,19375,67892,0,0,67892,0,0,67892,1000
52414,20430,72844,0,0,72844,0,0,72844,1000
56797,22140,78937,0,0,78937,0,0,78937,1000
57432,22140,79572,0,0,79572,0,0,79572,1000
57224,22140,79364,0,0,79364,0,0,79364,1000
57115,20664,77779,0,0,77779,0,0,77779,1000
57983,19188,77171,0,0,77171,0,0,77171,1000
57165,19188,76353,0,0,76353,0,0,76353,1000
59757,19188,78945,0,0,78945,0,0,78945,1000
59308,19188,78496,0,0,78496,0,0,78496,1000
64256,20664,84920,0,0,84920,0,0,84920,1000
61921,20664,82585,0,0,82585,0,0,82585,1000
60941,19188,80129,0,0,80129,0,0,80129,1000
59658,19188,78846,0,0,78846,0,0,78846,1000
59542,19188,78730,0,0,78730,0,0,78730,1000
61491,19188,80679,0,0,80679,0,0,80679,1000
62326,20664,82990,0,0,82990,0,0,82990,1000
63146,20664,83810,0,0,83810,0,0,83810,1000
61680,19188,80868,0,0,80868,0,0,80868,1000
63093,19188,82281,0,0,82281,0,0,82281,1000
59332,19188,78520,0,0,78520,0,0,78520,1000
61469,19188,80657,0,0,80657,0,0,80657,1000
63725,20664,84389,0,0,84389,0,0,84389,1000
64394,20664,85058,0,0,85058,0,0,85058,1000
65510,19188,84698,0,0,84698,0,0,84698,1000
65256,19188,84444,0,0,84444,0,0,84444,1000
65618,19188,84806,0,0,84806,0,0,84806,1000
66502,19188,85690,0,0,85690,0,0,85690,1000
68369,20664,89033,0,0,89033,0,0,89033,1000
69564,20664,90228,0,0,90228,0,0,90228,1000
69665,20664,90329,0,0,90329,0,0,90329,1000
70760,20664,91424,0,0,91424,0,0,91424,1000
72225,20664,92889,0,0,92889,0,0,92889,1000
72427,22140,94567,0,0,94567,0,0,94567,1000
72112,22140,94252,0,0,94252,0,0,94252,1000
73103,23616,96719,0,0,96719,0,0,96719,1000
75366,23616,98982,0,0,98982,0,0,98982,1000
76445,23616,100061,0,0,100061,0,0,100061,1000
77799,23616,101415,0,0,101415,0,0,101415,1000
78214,23616,101830,0,0,101830,0,0,101830,1000
86797,23616,110413,0,0,110413,0,0,110413,1000
85312,23616,108928,0,0,108928,0,0,108928,1000
85234,22140,107374,0,0,107374,0,0,107374,1000
86702,20664,107366,0,0,107366,0,0,107366,1000
90592,22140,112732,0,0,112732,0,0,112732,1000
90797,20664,111461,0,0,111461,0,0,111461,1000
92491,19188,111679,0,0,111679,0,0,111679,1000
93560,19188,112748,0,0,112748,0,0,112748,1000
92327,17712,110039,0,0,110039,0,0,110039,1000
91916,17712,109628,0,0,109628,0,0,109628,1000
86499,17712,104211,0,0,104211,0,0,104211,1000
90826,17712,108538,0,0,108538,0,0,108538,1000
93852,17712,111564,0,0,111564,0,0,111564,1000
94865,17712,112577,0,0,112577,0,0,112577,1000
96739,17712,114451,0,0,114451,0,0,114451,1000
98062,17712,115774,0,0,115774,0,0,115774,1000
99313,19188,118501,0,0,118501,0,0,118501,1000
99419,17712,117131,0,0,117131,0,0,117131,1000
104254,19188,123442,0,0,123442,0,0,123442,1000
108323,19188,127511,0,0,127511,0,0,127511,1000
111071,19188,130259,0,0,130259,0,0,130259,1000
112669,19188,131857,0,0,131857,0,0,131857,1000
110556,19188,129744,0,0,129744,0,0,129744,1000
111365,20664,132029,0,0,132029,0,0,132029,1000
112515,19188,131703,0,0,131703,0,0,131703,1000
115130,19188,134318,0,0,134318,0,0,134318,1000
117524,19188,136712,0,0,136712,0,0,136712,1000
118607,20664,139271,0,0,139271,0,0,139271,1000
117151,19188,136339,0,0,136339,0,0,136339,1000
120577,19188,139765,0,0,139765,0,0,139765,1000
117447,17712,135159,0,0,135159,0,0,135159,1000
126367,19188,145555,0,0,145555,0,0,145555,1000
126993,19188,146181,0,0,146181,0,0,146181,1000
132173,17712,149885,0,0,149885,0,0,149885,1000
125280,17712,142992,0,0,142992,0,0,142992,1000
127372,17712,145084,0,0,145084,0,0,145084,1000
121362,16236,137598,0,0,137598,0,0,137598,1000
129178,14760,143938,0,0,143938,0,0,143938,1000
128689,13284,141973,0,0,141973,0,0,141973,1000
129419,11808,141227,0,0,141227,0,0,141227,1000
127041,10332,137373,0,0,137373,0,0,137373,1000
120541,7380,127921,0,0,127921,0,0,127921,1000
116830,5904,122734,0,0,122734,0,0,122734,1000
116104,4428,120532,0,0,120532,0,0,120532,1000
116499,2952,119451,0,0,119451,0,0,119451,1000
114400,1476,115876,0,0,115876,0,0,115876,1000
113020,0,113020,0,0,113020,0,0,113020,1000
110042,0,110042,0,0,110042,0,0,110042,1000
108138,0,108138,0,0,108138,0,0,108138,1000
103760,0,103760,0,0,103760,0,0,103760,1000
103242,0,103242,0,0,103242,0,0,103242,1000
103403,0,103403,0,0,103403,0,0,103403,1000
107321,0,107321,0,0,107321,0,0,107321,1000
105194,0,105194,0,0,105194,0,0,105194,1000
106898,1476,108374,0,0,108374,0,0,108374,1000
108761,4428,113189,0,0,113189,0,0,113189,1000
108695,5904,114599,0,0,114599,0,0,114599,1000
109202,8856,118058,0,0,118058,0,0,118058,1000
107942,10332,118274,0,0,118274,0,0,118274,1000
107474,11808,119282,0,0,119282,0,0,119282,1000
106328,13284,119612,0,0,119612,0,0,119612,1000
106668,16236,122904,0,0,122904,0,0,122904,1000
105007,17712,122719,0,0,122719,0,0,122719,1000
107507,20664,128171,0,0,128171,0,0,128171,1000
106124,20664,126788,0,0,126788,0,0,126788,1000
106959,20664,127623,0,0,127623,0,0,127623,1000
108618,20664,129282,0,0,129282,0,0,129282,1000
108821,20664,129485,0,0,129485,0,0,129485,1000
109331,22140,131471,0,0,131471,0,0,131471,1000
111827,22140,133967,0,0,133967,0,0,133967,1000
114057,23616,137673,0,0,137673,0,0,137673,1000
115566,23616,139182,0,0,139182,0,0,139182,1000
115185,23616,138801,0,0,138801,0,0,138801,1000
113554,23616,137170,0,0,137170,0,0,137170,1000
115808,22140,137948,0,0,137948,0,0,137948,1000
114817,19188,134005,0,0,134005,0,0,134005,1000
113417,17712,131129,0,0,131129,0,0,131129,1000
112064,14760,126824,0,0,126824,0,0,126824,1000
108907,11808,120715,0,0,120715,0,0,120715,1000
108799,10332,119131,0,0,119131,0,0,119131,1000
107337,7380,114717,0,0,114717,0,0,114717,1000
105527,4428,109955,0,0,109955,0,0,109955,1000
103633,2952,106585,0,0,106585,0,0,106585,1000
105540,1476,107016,0,0,107016,0,0,107016,1000
103905,2952,106857,0,0,106857,0,0,106857,1000
102697,5904,108601,0,0,108601,0,0,108601,1000
101604,7380,108984,0,0,108984,0,0,108984,1000
99765,10332,110097,0,0,110097,0,0,110097,1000
102160,13284,115444,0,0,115444,0,0,115444,1000
100107,14760,114867,0,0,114867,0,0,114867,1000
92313,14760,107073,0,0,107073,0,0,107073,1000
79837,14760,94597,0,0,94597,0,0,94597,1000
72391,14760,87151,0,0,87151,0,0,87151,1000
97404,13284,110688,0,0,110688,0,0,110688,1000
95664,11808,107472,0,0,107472,0,0,107472,1000
96993,8856,105849,0,0,105849,0,0,105849,1000
97127,8856,105983,0,0,105983,0,0,105983,1000
96707,8856,105563,0,0,105563,0,0,105563,1000
99097,7380,106477,0,0,106477,0,0,106477,1000
96605,7380,103985,0,0,103985,0,0,103985,1000
106377,10332,116709,0,0,116709,0,0,116709,1000
115499,11808,127307,0,0,127307,0,0,127307,1000
129390,14760,144150,0,0,144150,0,0,144150,1000
98329,17712,116041,0,0,116041,0,0,116041,1000
101991,20664,122655,0,0,122655,0,0,122655,1000
97461,22140,119601,0,0,119601,0,0,119601,1000
103043,23616,126659,0,0,126659,0,0,126659,1000
101845,22140,123985,0,0,123985,0,0,123985,1000
104520,23616,128136,0,0,128136,0,0,128136,1000
107831,25092,132923,0,0,132923,0,0,132923,1000
110802,25092,135894,0,0,135894,0,0,135894,1000
112590,26568,139158,0,0,139158,0,0,139158,1000
112318,26568,138886,0,0,138886,0,0,138886,1000
113631,25092,138723,0,0,138723,0,0,138723,1000
116543,23616,140159,0,0,140159,0,0,140159,1000
117716,25092,142808,0,0,142808,0,0,142808,1000
118457,22140,140597,0,0,140597,0,0,140597,1000
116718,20664,137382,0,0,137382,0,0,137382,1000
115992,17712,133704,0,0,133704,0,0,133704,1000
112555,14760,127315,0,0,127315,0,0,127315,1000
113265,11808,125073,0,0,125073,0,0,125073,1000
110724,8856,119580,0,0,119580,0,0,119580,1000
107639,5904,113543,0,0,113543,0,0,113543,1000
105042,4428,109470,0,0,109470,0,0,109470,1000
100839,2952,103791,0,0,103791,0,0,103791,1000
97551,0,97551,0,0,97551,0,0,97551,1000
92473,0,92473,0,0,92473,0,0,92473,1000
89946,0,89946,0,0,89946,0,0,89946,1000
83752,0,83752,0,0,83752,0,0,83752,1000
80370,0,80370,0,0,80370,0,0,80370,1000
74313,0,74313,0,0,74313,0,0,74313,1000
71218,0,71218,0,0,71218,0,0,71218,1000
68357,0,68357,0,0,68357,0,0,68357,1000
67955,0,67955,0,0,67955,0,0,67955,1000
66791,0,66791,0,0,66791,0,0,66791,1000
65844,0,65844,0,0,65844,0,0,65844,1000
65134,2952,68086,0,0,68086,0,0,68086,1000
66049,4428,70477,0,0,70477,0,0,70477,1000
68571,7380,75951,0,0,75951,0,0,75951,1000
70367,8856,79223,0,0,79223,0,0,79223,1000
72461,13284,85745,0,0,85745,0,0,85745,1000
73282,14760,88042,0,0,88042,0,0,88042,1000
73320,16236,89556,0,0,89556,0,0,89556,1000
73049,19188,92237,0,0,92237,0,0,92237,1000
72852,20664,93516,0,0,93516,0,0,93516,1000
73944,23616,97560,0,0,97560,0,0,97560,1000
74695,23616,98311,0,0,98311,0,0,98311,1000
72318,23616,95934,0,0,95934,0,0,95934,1000
71977,23616,95593,0,0,95593,0,0,95593,1000
72407,23616,96023,0,0,96023,0,0,96023,1000
74278,22140,96418,0,0,96418,0,0,96418,1000
89397,28044,117441,0,0,117441,0,0,117441,1000
87311,28044,115355,0,0,115355,0,0,115355,1000
94050,28044,122094,0,0,122094,0,0,122094,1000
90096,28044,118140,0,0,118140,0,0,118140,1000
95129,28044,123173,0,0,123173,0,0,123173,1000
94140,26568,120708,0,0,120708,0,0,120708,1000
103966,29520,133486,0,0,133486,0,0,133486,1000
102985,28044,131029,0,0,131029,0,0,131029,1000
106829,29520,136349,0,0,136349,0,0,136349,1000
101888,28044,129932,0,0,129932,0,0,129932,1000
89872,22140,112012,0,0,112012,0,0,112012,1000
91560,23616,115176,0,0,115176,0,0,115176,1000
89139,22140,111279,0,0,111279,0,0,111279,1000
90688,22140,112828,0,0,112828,0,0,112828,1000
90682,22140,112822,0,0,112822,0,0,112822,1000
91326,23616,114942,0,0,114942,0,0,114942,1000
89238,20664,109902,0,0,109902,0,0,109902,1000
88546,22140,110686,0,0,110686,0,0,110686,1000
89684,20664,110348,0,0,110348,0,0,110348,1000
90493,22140,112633,0,0,112633,0,0,112633,1000
92214,22140,114354,0,0,114354,0,0,114354,1000
92701,22140,114841,0,0,114841,0,0,114841,1000
96651,23616,120267,0,0,120267,0,0,120267,1000
99062,23616,122678,0,0,122678,0,0,122678,1000
98821,22140,120961,0,0,120961,0,0,120961,1000
101727,22140,123867,0,0,123867,0,0,123867,1000
100868,23616,124484,0,0,124484,0,0,124484,1000
101122,22140,123262,0,0,123262,0,0,123262,1000
100119,22140,122259,0,0,122259,0,0,122259,1000
103472,22140,125612,0,0,125612,0,0,125612,1000
104762,22140,126902,0,0,126902,0,0,126902,1000
105155,22140,127295,0,0,127295,0,0,127295,1000
102306,20664,122970,0,0,122970,0,0,122970,1000
101676,20664,122340,0,0,122340,0,0,122340,1000
104047,22140,126187,0,0,126187,0,0,126187,1000
102263,20664,122927,0,0,122927,0,0,122927,1000
104598,20664,125262,0,0,125262,0,0,125262,1000
105058,20664,125722,0,0,125722,0,0,125722,1000
102852,20664,123516,0,0,123516,0,0,123516,1000
105590,20664,126254,0,0,126254,0,0,126254,1000
107558,22140,129698,0,0,129698,0,0,129698,1000
106482,20664,127146,0,0,127146,0,0,127146,1000
109948,20664,130612,0,0,130612,0,0,130612,1000
109312,22140,131452,0,0,131452,0,0,131452,1000
110011,20664,130675,0,0,130675,0,0,130675,1000
109769,22140,131909,0,0,131909,0,0,131909,1000
108210,20664,128874,0,0,128874,0,0,128874,1000
109457,22140,131597,0,0,131597,0,0,131597,1000
114272,22140,136412,0,0,136412,0,0,136412,1000
111521,22140,133661,0,0,133661,0,0,133661,1000
112387,22140,134527,0,0,134527,0,0,134527,1000
105270,20664,125934,0,0,125934,0,0,125934,1000
116685,23616,140301,0,0,140301,0,0,140301,1000
127737,23616,151353,0,0,151353,0,0,151353,1000
117905,22140,140045,0,0,140045,0,0,140045,1000
121324,20664,141988,0,0,141988,0,0,141988,1000
123278,19188,142466,0,0,142466,0,0,142466,1000
121066,16236,137302,0,0,137302,0,0,137302,1000
107745,14760,122505,0,0,122505,0,0,122505,1000
113745,11808,125553,0,0,125553,0,0,125553,1000
105298,8856,114154,0,0,114154,0,0,114154,1000
106148,7380,113528,0,0,113528,0,0,113528,1000
98867,4428,103295,0,0,103295,0,0,103295,1000
94041,1476,95517,0,0,95517,0,0,95517,1000
99506,1476,100982,0,0,100982,0,0,100982,1000
99538,0,99538,0,0,99538,0,0,99538,1000
98596,0,98596,0,0,98596,0,0,98596,1000
99909,0,99909,0,0,99909,0,0,99909,1000
96811,0,96811,0,0,96811,0,0,96811,1000
97179,0,97179,0,0,97179,0,0,97179,1000
99971,0,99971,0,0,99971,0,0,99971,1000
115039,0,115039,0,0,115039,0,0,115039,1000
111477,1476,112953,0,0,112953,0,0,112953,1000
114375,4428,118803,0,0,118803,0,0,118803,1000
110892,5904,116796,0,0,116796,0,0,116796,1000
124567,8856,133423,0,0,133423,0,0,133423,1000
121591,11808,133399,0,0,133399,0,0,133399,1000
114174,13284,127458,0,0,127458,0,0,127458,1000
114775,14760,129535,0,0,129535,0,0,129535,1000
115405,17712,133117,0,0,133117,0,0,133117,1000
113437,19188,132625,0,0,132625,0,0,132625,1000
111538,22140,133678,0,0,133678,0,0,133678,1000
110119,22140,132259,0,0,132259,0,0,132259,1000
111353,22140,133493,0,0,133493,0,0,133493,1000
112265,20664,132929,0,0,132929,0,0,132929,1000
110978,17712,128690,0,0,128690,0,0,128690,1000
109912,14760,124672,0,0,124672,0,0,124672,1000
108006,13284,121290,0,0,121290,0,0,121290,1000
110215,14760,124975,0,0,124975,0,0,124975,1000
108357,14760,123117,0,0,123117,0,0,123117,1000
108179,14760,122939,0,0,122939,0,0,122939,1000
109639,14760,124399,0,0,124399,0,0,124399,1000
109420,14760,124180,0,0,124180,0,0,124180,1000
107976,14760,122736,0,0,122736,0,0,122736,1000
106120,17712,123832,0,0,123832,0,0,123832,1000
104573,19188,123761,0,0,123761,0,0,123761,1000
102695,20664,123359,0,0,123359,0,0,123359,1000
101706,23616,125322,0,0,125322,0,0,125322,1000
101510,23616,125126,0,0,125126,0,0,125126,1000
101711,23616,125327,0,0,125327,0,0,125327,1000
102523,25092,127615,0,0,127615,0,0,127615,1000
104408,25092,129500,0,0,129500,0,0,129500,1000
106545,26568,133113,0,0,133113,0,0,133113,1000
107709,26568,134277,0,0,134277,0,0,134277,1000
114624,26568,141192,0,0,141192,0,0,141192,1000
114732,26568,141300,0,0,141300,0,0,141300,1000
118278,28044,146322,0,0,146322,0,0,146322,1000
122110,26568,148678,0,0,148678,0,0,148678,1000
122298,25092,147390,0,0,147390,0,0,147390,1000
122004,22140,144144,0,0,144144,0,0,144144,1000
121169,19188,140357,0,0,140357,0,0,140357,1000
118462,16236,134698,0,0,134698,0,0,134698,1000
115987,13284,129271,0,0,129271,0,0,129271,1000
115688,10332,126020,0,0,126020,0,0,126020,1000
108340,7380,115720,0,0,115720,0,0,115720,1000
107636,5904,113540,0,0,113540,0,0,113540,1000
97394,2952,100346,0,0,100346,0,0,100346,1000
89076,1476,90552,0,0,90552,0,0,90552,1000
98428,0,98428,0,0,98428,0,0,98428,1000
99777,0,99777,0,0,99777,0,0,99777,1000
99647,0,99647,0,0,99647,0,0,99647,1000
95912,0,95912,0,0,95912,0,0,95912,1000
94149,0,94149,0,0,94149,0,0,94149,1000
91159,0,91159,0,0,91159,0,0,91159,1000
90196,1476,91672,0,0,91672,0,0,91672,1000
79951,1476,81427,0,0,81427,0,0,81427,1000
93537,4428,97965,0,0,97965,0,0,97965,1000
96425,8856,105281,0,0,105281,0,0,105281,1000
95332,10332,105664,0,0,105664,0,0,105664,1000
90634,13284,103918,0,0,103918,0,0,103918,1000
89440,14760,104200,0,0,104200,0,0,104200,1000
91923,17712,109635,0,0,109635,0,0,109635,1000
92501,19188,111689,0,0,111689,0,0,111689,1000
92235,22140,114375,0,0,114375,0,0,114375,1000
93386,22140,115526,0,0,115526,0,0,115526,1000
106367,25092,131459,0,0,131459,0,0,131459,1000
91482,22140,113622,0,0,113622,0,0,113622,1000
90881,22140,113021,0,0,113021,0,0,113021,1000
91461,22140,113601,0,0,113601,0,0,113601,1000
92468,22140,114608,0,0,114608,0,0,114608,1000
93647,22140,115787,0,0,115787,0,0,115787,1000
95423,22140,117563,0,0,117563,0,0,117563,1000
98084,23616,121700,0,0,121700,0,0,121700,1000
100559,22140,122699,0,0,122699,0,0,122699,1000
100977,22140,123117,0,0,123117,0,0,123117,1000
102348,22140,124488,0,0,124488,0,0,124488,1000
102043,22140,124183,0,0,124183,0,0,124183,1000
100708,22140,122848,0,0,122848,0,0,122848,1000
100378,22140,122518,0,0,122518,0,0,122518,1000
104479,22140,126619,0,0,126619,0,0,126619,1000
109054,22140,131194,0,0,131194,0,0,131194,1000
103643,20664,124307,0,0,124307,0,0,124307,1000
106238,20664,126902,0,0,126902,0,0,126902,1000
103165,20664,123829,0,0,123829,0,0,123829,1000
108981,22140,131121,0,0,131121,0,0,131121,1000
94629,19188,113817,0,0,113817,0,0,113817,1000
108503,22140,130643,0,0,130643,0,0,130643,1000
108078,22140,130218,0,0,130218,0,0,130218,1000
115092,23616,138708,0,0,138708,0,0,138708,1000
109816,22140,131956,0,0,131956,0,0,131956,1000
97624,20664,118288,0,0,118288,0,0,118288,1000
102801,22140,124941,0,0,124941,0,0,124941,1000
99578,20664,120242,0,0,120242,0,0,120242,1000
103550,22140,125690,0,0,125690,0,0,125690,1000
96662,20664,117326,0,0,117326,0,0,117326,1000
111029,23616,134645,0,0,134645,0,0,134645,1000
97737,20664,118401,0,0,118401,0,0,118401,1000
102145,20664,122809,0,0,122809,0,0,122809,1000
99032,19188,118220,0,0,118220,0,0,118220,1000
102027,20664,122691,0,0,122691,0,0,122691,1000
110903,22140,133043,0,0,133043,0,0,133043,1000
116626,22140,138766,0,0,138766,0,0,138766,1000
120327,22140,142467,0,0,142467,0,0,142467,1000
112819,20664,133483,0,0,133483,0,0,133483,1000
109382,19188,128570,0,0,128570,0,0,128570,1000
114570,20664,135234,0,0,135234,0,0,135234,1000
113247,19188,132435,0,0,132435,0,0,132435,1000
118109,20664,138773,0,0,138773,0,0,138773,1000
123905,17712,141617,0,0,141617,0,0,141617,1000
123709,16236,139945,0,0,139945,0,0,139945,1000
112172,13284,125456,0,0,125456,0,0,125456,1000
112828,11808,124636,0,0,124636,0,0,124636,1000
109917,8856,118773,0,0,118773,0,0,118773,1000
119494,8856,128350,0,0,128350,0,0,128350,1000
121299,7380,128679,0,0,128679,0,0,128679,1000
115581,4428,120009,0,0,120009,0,0,120009,1000
114455,2952,117407,0,0,117407,0,0,117407,1000
106246,0,106246,0,0,106246,0,0,106246,1000
99773,0,99773,0,0,99773,0,0,99773,1000
98781,0,98781,0,0,98781,0,0,98781,1000
104412,0,104412,0,0,104412,0,0,104412,1000
101808,0,101808,0,0,101808,0,0,101808,1000
101769,0,101769,0,0,101769,0,0,101769,1000
100612,0,100612,0,0,100612,0,0,100612,1000
99661,0,99661,0,0,99661,0,0,99661,1000
100463,0,100463,0,0,100463,0,0,100463,1000
101898,0,101898,0,0,101898,0,0,101898,1000
103752,2952,106704,0,0,106704,0,0,106704,1000
103422,4428,107850,0,0,107850,0,0,107850,1000
90984,5904,96888,0,0,96888,0,0,96888,1000
95780,8856,104636,0,0,104636,0,0,104636,1000
91669,10332,102001,0,0,102001,0,0,102001,1000
93975,11808,105783,0,0,105783,0,0,105783,1000
90206,13284,103490,0,0,103490,0,0,103490,1000
101966,16236,118202,0,0,118202,0,0,118202,1000
101698,17712,119410,0,0,119410,0,0,119410,1000
102718,19188,121906,0,0,121906,0,0,121906,1000
101722,19188,120910,0,0,120910,0,0,120910,1000
103602,20664,124266,0,0,124266,0,0,124266,1000
102752,19188,121940,0,0,121940,0,0,121940,1000
103103,19188,122291,0,0,122291,0,0,122291,1000
106331,20664,126995,0,0,126995,0,0,126995,1000
106720,20664,127384,0,0,127384,0,0,127384,1000
94960,17712,112672,0,0,112672,0,0,112672,1000
100962,19188,120150,0,0,120150,0,0,120150,1000
98631,20664,119295,0,0,119295,0,0,119295,1000
98846,19188,118034,0,0,118034,0,0,118034,1000
94999,19188,114187,0,0,114187,0,0,114187,1000
97406,19188,116594,0,0,116594,0,0,116594,1000
93207,19188,112395,0,0,112395,0,0,112395,1000
97573,20664,118237,0,0,118237,0,0,118237,1000
91864,19188,111052,0,0,111052,0,0,111052,1000
98023,20664,118687,0,0,118687,0,0,118687,1000
106000,22140,128140,0,0,128140,0,0,128140,1000
106033,22140,128173,0,0,128173,0,0,128173,1000
120422,23616,144038,0,0,144038,0,0,144038,1000
118983,23616,142599,0,0,142599,0,0,142599,1000
127255,25092,152347,0,0,152347,0,0,152347,1000
117157,23616,140773,0,0,140773,0,0,140773,1000
118107,22140,140247,0,0,140247,0,0,140247,1000
119143,23616,142759,0,0,142759,0,0,142759,1000
118342,20664,139006,0,0,139006,0,0,139006,1000
127431,20664,148095,0,0,148095,0,0,148095,1000
132950,19188,152138,0,0,152138,0,0,152138,1000
126488,16236,142724,0,0,142724,0,0,142724,1000
113444,11808,125252,0,0,125252,0,0,125252,1000
102680,10332,113012,0,0,113012,0,0,113012,1000
96078,7380,103458,0,0,103458,0,0,103458,1000
97277,4428,101705,0,0,101705,0,0,101705,1000
97654,2952,100606,0,0,100606,0,0,100606,1000
97450,0,97450,0,0,97450,0,0,97450,1000
93705,0,93705,0,0,93705,0,0,93705,1000
90514,0,90514,0,0,90514,0,0,90514,1000
87116,1476,88592,0,0,88592,0,0,88592,1000
86418,2952,89370,0,0,89370,0,0,89370,1000
89061,5904,94965,0,0,94965,0,0,94965,1000
91158,8856,100014,0,0,100014,0,0,100014,1000
92689,11808,104497,0,0,104497,0,0,104497,1000
85884,13284,99168,0,0,99168,0,0,99168,1000
96694,16236,112930,0,0,112930,0,0,112930,1000
94013,17712,111725,0,0,111725,0,0,111725,1000
96404,20664,117068,0,0,117068,0,0,117068,1000
98683,22140,120823,0,0,120823,0,0,120823,1000
99930,23616,123546,0,0,123546,0,0,123546,1000
101778,25092,126870,0,0,126870,0,0,126870,1000
102392,25092,127484,0,0,127484,0,0,127484,1000
101742,23616,125358,0,0,125358,0,0,125358,1000
100218,23616,123834,0,0,123834,0,0,123834,1000
108302,25092,133394,0,0,133394,0,0,133394,1000
105116,25092,130208,0,0,130208,0,0,130208,1000
110598,25092,135690,0,0,135690,0,0,135690,1000
106636,23616,130252,0,0,130252,0,0,130252,1000
113533,25092,138625,0,0,138625,0,0,138625,1000
111713,23616,135329,0,0,135329,0,0,135329,1000
117158,23616,140774,0,0,140774,0,0,140774,1000
114635,23616,138251,0,0,138251,0,0,138251,1000
117012,23616,140628,0,0,140628,0,0,140628,1000
112277,22140,134417,0,0,134417,0,0,134417,1000
108205,22140,130345,0,0,130345,0,0,130345,1000
110284,20664,130948,0,0,130948,0,0,130948,1000
113568,22140,135708,0,0,135708,0,0,135708,1000
114716,22140,136856,0,0,136856,0,0,136856,1000
113410,22140,135550,0,0,135550,0,0,135550,1000
113280,22140,135420,0,0,135420,0,0,135420,1000
114662,22140,136802,0,0,136802,0,0,136802,1000
112986,22140,135126,0,0,135126,0,0,135126,1000
114919,23616,138535,0,0,138535,0,0,138535,1000
117087,23616,140703,0,0,140703,0,0,140703,1000
118383,22140,140523,0,0,140523,0,0,140523,1000
119737,22140,141877,0,0,141877,0,0,141877,1000
119762,22140,141902,0,0,141902,0,0,141902,1000
118881,20664,139545,0,0,139545,0,0,139545,1000
120712,17712,138424,0,0,138424,0,0,138424,1000
118288,16236,134524,0,0,134524,0,0,134524,1000
115301,13284,128585,0,0,128585,0,0,128585,1000
114545,10332,124877,0,0,124877,0,0,124877,1000
110768,7380,118148,0,0,118148,0,0,118148,1000
110170,5904,116074,0,0,116074,0,0,116074,1000
108625,4428,113053,0,0,113053,0,0,113053,1000
106116,2952,109068,0,0,109068,0,0,109068,1000
102644,0,102644,0,0,102644,0,0,102644,1000
103360,0,103360,0,0,103360,0,0,103360,1000
100594,0,100594,0,0,100594,0,0,100594,1000
101327,1476,102803,0,0,102803,0,0,102803,1000
99647,4428,104075,0,0,104075,0,0,104075,1000
98129,5904,104033,0,0,104033,0,0,104033,1000
100898,8856,109754,0,0,109754,0,0,109754,1000
99085,10332,109417,0,0,109417,0,0,109417,1000
87850,10332,98182,0,0,98182,0,0,98182,1000
79302,10332,89634,0,0,89634,0,0,89634,1000
67587,10332,77919,0,0,77919,0,0,77919,1000
94815,10332,105147,0,0,105147,0,0,105147,1000
92807,10332,103139,0,0,103139,0,0,103139,1000
92982,8856,101838,0,0,101838,0,0,101838,1000
92643,8856,101499,0,0,101499,0,0,101499,1000
92454,8856,101310,0,0,101310,0,0,101310,1000
89056,7380,96436,0,0,96436,0,0,96436,1000
90565,8856,99421,0,0,99421,0,0,99421,1000
99553,10332,109885,0,0,109885,0,0,109885,1000
112328,13284,125612,0,0,125612,0,0,125612,1000
122208,16236,138444,0,0,138444,0,0,138444,1000
92933,17712,110645,0,0,110645,0,0,110645,1000
94586,20664,115250,0,0,115250,0,0,115250,1000
93233,22140,115373,0,0,115373,0,0,115373,1000
97117,23616,120733,0,0,120733,0,0,120733,1000
99885,23616,123501,0,0,123501,0,0,123501,1000
101745,23616,125361,0,0,125361,0,0,125361,1000
103828,23616,127444,0,0,127444,0,0,127444,1000
100687,22140,122827,0,0,122827,0,0,122827,1000
102655,22140,124795,0,0,124795,0,0,124795,1000
103292,22140,125432,0,0,125432,0,0,125432,1000
102723,22140,124863,0,0,124863,0,0,124863,1000
103106,22140,125246,0,0,125246,0,0,125246,1000
104830,20664,125494,0,0,125494,0,0,125494,1000
102352,19188,121540,0,0,121540,0,0,121540,1000
103158,20664,123822,0,0,123822,0,0,123822,1000
102398,19188,121586,0,0,121586,0,0,121586,1000
106381,20664,127045,0,0,127045,0,0,127045,1000
106289,22140,128429,0,0,128429,0,0,128429,1000
107590,20664,128254,0,0,128254,0,0,128254,1000
109701,22140,131841,0,0,131841,0,0,131841,1000
111216,22140,133356,0,0,133356,0,0,133356,1000
112479,22140,134619,0,0,134619,0,0,134619,1000
116021,23616,139637,0,0,139637,0,0,139637,1000
117650,23616,141266,0,0,141266,0,0,141266,1000
114881,22140,137021,0,0,137021,0,0,137021,1000
113689,22140,135829,0,0,135829,0,0,135829,1000
110321,19188,129509,0,0,129509,0,0,129509,1000
108862,16236,125098,0,0,125098,0,0,125098,1000
106745,14760,121505,0,0,121505,0,0,121505,1000
106000,11808,117808,0,0,117808,0,0,117808,1000
105025,8856,113881,0,0,113881,0,0,113881,1000
103455,7380,110835,0,0,110835,0,0,110835,1000
97307,4428,101735,0,0,101735,0,0,101735,1000
99498,2952,102450,0,0,102450,0,0,102450,1000
96869,4428,101297,0,0,101297,0,0,101297,1000
102968,5904,108872,0,0,108872,0,0,108872,1000
102563,8856,111419,0,0,111419,0,0,111419,1000
104505,10332,114837,0,0,114837,0,0,114837,1000
103827,13284,117111,0,0,117111,0,0,117111,1000
102294,14760,117054,0,0,117054,0,0,117054,1000
101373,17712,119085,0,0,119085,0,0,119085,1000
100528,19188,119716,0,0,119716,0,0,119716,1000
103731,22140,125871,0,0,125871,0,0,125871,1000
99953,25092,125045,0,0,125045,0,0,125045,1000
104011,23616,127627,0,0,127627,0,0,127627,1000
98347,23616,121963,0,0,121963,0,0,121963,1000
101195,23616,124811,0,0,124811,0,0,124811,1000
103710,25092,128802,0,0,128802,0,0,128802,1000
110640,26568,137208,0,0,137208,0,0,137208,1000
108639,26568,135207,0,0,135207,0,0,135207,1000
107843,26568,134411,0,0,134411,0,0,134411,1000
108815,26568,135383,0,0,135383,0,0,135383,1000
109701,25092,134793,0,0,134793,0,0,134793,1000
112191,25092,137283,0,0,137283,0,0,137283,1000
117550,26568,144118,0,0,144118,0,0,144118,1000
119250,25092,144342,0,0,144342,0,0,144342,1000
118346,25092,143438,0,0,143438,0,0,143438,1000
113907,23616,137523,0,0,137523,0,0,137523,1000
108358,22140,130498,0,0,130498,0,0,130498,1000
111599,22140,133739,0,0,133739,0,0,133739,1000
113251,22140,135391,0,0,135391,0,0,135391,1000
113399,22140,135539,0,0,135539,0,0,135539,1000
115343,23616,138959,0,0,138959,0,0,138959,1000
115639,22140,137779,0,0,137779,0,0,137779,1000
113981,22140,136121,0,0,136121,0,0,136121,1000
112447,22140,134587,0,0,134587,0,0,134587,1000
114723,22140,136863,0,0,136863,0,0,136863,1000
115802,23616,139418,0,0,139418,0,0,139418,1000
117985,23616,141601,0,0,141601,0,0,141601,1000
118781,23616,142397,0,0,142397,0,0,142397,1000
124494,22140,146634,0,0,146634,0,0,146634,1000
125454,20664,146118,0,0,146118,0,0,146118,1000
123077,17712,140789,0,0,140789,0,0,140789,1000
125309,16236,141545,0,0,141545,0,0,141545,1000
122899,13284,136183,0,0,136183,0,0,136183,1000
121952,11808,133760,0,0,133760,0,0,133760,1000
117302,8856,126158,0,0,126158,0,0,126158,1000
119560,5904,125464,0,0,125464,0,0,125464,1000
120452,2952,123404,0,0,123404,0,0,123404,1000
119681,1476,121157,0,0,121157,0,0,121157,1000
101584,0,101584,0,0,101584,0,0,101584,1000
113973,0,113973,0,0,113973,0,0,113973,1000
116793,0,116793,0,0,116793,0,0,116793,1000
112356,0,112356,0,0,112356,0,0,112356,1000
112610,0,112610,0,0,112610,0,0,112610,1000
112750,0,112750,0,0,112750,0,0,112750,1000
113192,0,113192,0,0,113192,0,0,113192,1000
112904,0,112904,0,0,112904,0,0,112904,1000
112092,0,112092,0,0,112092,0,0,112092,1000
110180,0,110180,0,0,110180,0,0,110180,1000
112619,0,112619,0,0,112619,0,0,112619,1000
110881,0,110881,0,0,110881,0,0,110881,1000
110192,0,110192,0,0,110192,0,0,110192,1000
110320,0,110320,0,0,110320,0,0,110320,1000
108694,0,108694,0,0,108694,0,0,108694,1000
109844,0,109844,0,0,109844,0,0,109844,1000
111741,2952,114693,0,0,114693,0,0,114693,1000
113589,5904,119493,0,0,119493,0,0,119493,1000
110948,7380,118328,0,0,118328,0,0,118328,1000
127981,11808,139789,0,0,139789,0,0,139789,1000
115292,13284,128576,0,0,128576,0,0,128576,1000
119885,14760,134645,0,0,134645,0,0,134645,1000
116064,17712,133776,0,0,133776,0,0,133776,1000
119045,19188,138233,0,0,138233,0,0,138233,1000
116924,22140,139064,0,0,139064,0,0,139064,1000
116196,23616,139812,0,0,139812,0,0,139812,1000
119795,20664,140459,0,0,140459,0,0,140459,1000
116898,17712,134610,0,0,134610,0,0,134610,1000
113219,16236,129455,0,0,129455,0,0,129455,1000
101419,11808,113227,0,0,113227,0,0,113227,1000
108289,10332,118621,0,0,118621,0,0,118621,1000
110824,8856,119680,0,0,119680,0,0,119680,1000
108818,5904,114722,0,0,114722,0,0,114722,1000
108824,4428,113252,0,0,113252,0,0,113252,1000
106329,1476,107805,0,0,107805,0,0,107805,1000
111376,1476,112852,0,0,112852,0,0,112852,1000
101314,2952,104266,0,0,104266,0,0,104266,1000
104293,5904,110197,0,0,110197,0,0,110197,1000
106004,7380,113384,0,0,113384,0,0,113384,1000
106232,8856,115088,0,0,115088,0,0,115088,1000
106177,11808,117985,0,0,117985,0,0,117985,1000
104032,13284,117316,0,0,117316,0,0,117316,1000
104895,14760,119655,0,0,119655,0,0,119655,1000
105905,17712,123617,0,0,123617,0,0,123617,1000
108710,19188,127898,0,0,127898,0,0,127898,1000
110054,20664,130718,0,0,130718,0,0,130718,1000
110960,20664,131624,0,0,131624,0,0,131624,1000
113347,20664,134011,0,0,134011,0,0,134011,1000
112562,22140,134702,0,0,134702,0,0,134702,1000
113640,22140,135780,0,0,135780,0,0,135780,1000
112892,22140,135032,0,0,135032,0,0,135032,1000
114448,22140,136588,0,0,136588,0,0,136588,1000
114645,23616,138261,0,0,138261,0,0,138261,1000
114591,23616,138207,0,0,138207,0,0,138207,1000
113614,22140,135754,0,0,135754,0,0,135754,1000
111122,19188,130310,0,0,130310,0,0,130310,1000
112747,17712,130459,0,0,130459,0,0,130459,1000
110385,14760,125145,0,0,125145,0,0,125145,1000
109672,11808,121480,0,0,121480,0,0,121480,1000
108337,10332,118669,0,0,118669,0,0,118669,1000
107670,7380,115050,0,0,115050,0,0,115050,1000
106399,5904,112303,0,0,112303,0,0,112303,1000
105386,2952,108338,0,0,108338,0,0,108338,1000
103414,1476,104890,0,0,104890,0,0,104890,1000
100780,2952,103732,0,0,103732,0,0,103732,1000
98313,5904,104217,0,0,104217,0,0,104217,1000
96917,7380,104297,0,0,104297,0,0,104297,1000
83812,7380,91192,0,0,91192,0,0,91192,1000
98733,13284,112017,0,0,112017,0,0,112017,1000
94731,14760,109491,0,0,109491,0,0,109491,1000
106608,19188,125796,0,0,125796,0,0,125796,1000
97011,20664,117675,0,0,117675,0,0,117675,1000
99732,23616,123348,0,0,123348,0,0,123348,1000
96882,23616,120498,0,0,120498,0,0,120498,1000
105103,25092,130195,0,0,130195,0,0,130195,1000
105114,25092,130206,0,0,130206,0,0,130206,1000
111535,26568,138103,0,0,138103,0,0,138103,1000
119797,28044,147841,0,0,147841,0,0,147841,1000
109159,25092,134251,0,0,134251,0,0,134251,1000
109813,26568,136381,0,0,136381,0,0,136381,1000
103350,23616,126966,0,0,126966,0,0,126966,1000
110495,25092,135587,0,0,135587,0,0,135587,1000
99521,22140,121661,0,0,121661,0,0,121661,1000
110937,23616,134553,0,0,134553,0,0,134553,1000
108229,23616,131845,0,0,131845,0,0,131845,1000
106556,22140,128696,0,0,128696,0,0,128696,1000
