0,0,0,0,0,0,0,0,0,0,0
0,0,0,0,0,0,0,0,0,0,0
0,0,0,0,0,0,0,0,0,3,1000
0,0,0,0,0,0,0,0,0,3,1000
4387,1440,5827,0,0,5827,0,0,5827,3,1000
7031,1440,8471,0,0,8471,0,0,8471,3,1000
7972,1440,9412,0,0,9412,0,0,9412,3,1000
9225,1440,10665,0,0,10665,0,0,10665,3,1000
10105,1440,11545,0,0,11545,0,0,11545,3,1000
11430,1440,12870,0,0,12870,0,0,12870,3,1000
12501,1440,13941,0,0,13941,0,0,13941,3,1000
13800,1440,15240,0,0,15240,0,0,15240,3,1000
14609,1440,16049,0,0,16049,0,0,16049,3,1000
15601,1440,17041,0,0,17041,0,0,17041,3,1000
13022,0,13022,0,0,13022,0,0,13022,3,1000
11785,0,11785,0,0,11785,0,0,11785,3,1000
11471,0,11471,0,0,11471,0,0,11471,3,1000
11585,0,11585,0,0,11585,0,0,11585,3,1000
11552,0,11552,0,0,11552,0,0,11552,3,1000
11710,0,11710,0,0,11710,0,0,11710,3,1000
11948,0,11948,0,0,11948,0,0,11948,3,1000
12299,0,12299,0,0,12299,0,0,12299,3,1000
14292,0,14292,0,0,14292,0,0,14292,3,1000
14966,0,14966,0,0,14966,0,0,14966,3,1000
13609,1049,14658,0,0,14658,0,0,14658,3,1000
13854,1501,15355,0,0,15355,0,0,15355,3,1000
13936,2528,16464,0,0,16464,0,0,16464,3,1000
14439,3416,17855,0,0,17855,0,0,17855,3,1000
14506,4002,18508,0,0,18508,0,0,18508,3,1000
14265,4579,18844,0,0,18844,0,0,18844,3,1000
14527,5982,20509,0,0,20509,0,0,20509,3,1000
14670,6817,21487,0,0,21487,0,0,21487,3,1000
15201,7618,22819,0,0,22819,0,0,22819,3,1000
15115,8473,23588,0,0,23588,0,0,23588,3,1000
15595,9091,24686,0,0,24686,0,0,24686,3,1000
16235,9451,25686,0,0,25686,0,0,25686,3,1000
17257,9410,26667,0,0,26667,0,0,26667,3,1000
17613,9325,26938,0,0,26938,0,0,26938,3,1000
18567,10659,29226,0,0,29226,0,0,29226,3,1000
19020,10884,29904,0,0,29904,0,0,29904,3,1000
18923,10214,29137,0,0,29137,0,0,29137,3,1000
19523,10522,30045,0,0,30045,0,0,30045,3,1000
19366,11362,30728,0,0,30728,0,0,30728,3,1000
18833,11093,29926,0,0,29926,0,0,29926,3,1000
18676,10149,28825,0,0,28825,0,0,28825,3,1000
18939,10404,29343,0,0,29343,0,0,29343,3,1000
18664,10259,28923,0,0,28923,0,0,28923,3,1000
18517,9456,27973,0,0,27973,0,0,27973,3,1000
18566,8424,26990,0,0,26990,0,0,26990,3,1000
18896,8517,27413,0,0,27413,0,0,27413,3,1000
19852,8857,28709,0,0,28709,0,0,28709,3,1000
19697,8732,28429,0,0,28429,0,0,28429,3,1000
20857,8362,29219,0,0,29219,0,0,29219,3,1000
25284,9252,34536,0,0,34536,0,0,34536,3,1000
25436,9557,34993,0,0,34993,0,0,34993,3,1000
25111,9435,34546,0,0,34546,0,0,34546,3,1000
25265,9423,34688,0,0,34688,0,0,34688,3,1000
25602,10452,36054,0,0,36054,0,0,36054,3,1000
25779,10531,36310,0,0,36310,0,0,36310,3,1000
25859,9636,35495,0,0,35495,0,0,35495,3,1000
25465,9594,35059,0,0,35059,0,0,35059,3,1000
25476,9480,34956,0,0,34956,0,0,34956,3,1000
25316,9237,34553,0,0,34553,0,0,34553,3,1000
22514,7761,30275,0,0,30275,0,0,30275,3,1000
23466,8143,31609,0,0,31609,0,0,31609,3,1000
23513,8539,32052,0,0,32052,0,0,32052,3,1000
23681,7710,31391,0,0,31391,0,0,31391,3,1000
23408,7671,31079,0,0,31079,0,0,31079,3,1000
23277,7750,31027,0,0,31027,0,0,31027,3,1000
23378,7750,31128,0,0,31128,0,0,31128,3,1000
25894,9671,35565,0,0,35565,0,0,35565,3,1000
27039,8767,35806,0,0,35806,0,0,35806,3,1000
27678,9215,36893,0,0,36893,0,0,36893,3,1000
27185,10463,37648,0,0,37648,0,0,37648,3,1000
27100,9053,36153,0,0,36153,0,0,36153,3,1000
28249,9095,37344,0,0,37344,0,0,37344,3,1000
29533,10464,39997,0,0,39997,0,0,39997,3,1000
30031,9474,39505,0,0,39505,0,0,39505,3,1000
31173,9689,40862,0,0,40862,0,0,40862,2,1000
31800,9689,41489,0,0,41489,0,0,41489,2,1000
30825,8115,38940,0,0,38940,0,0,38940,2,1000
30132,9591,39723,0,0,39723,0,0,39723,2,1000
30224,9525,39749,0,0,39749,0,0,39749,2,1000
30101,8277,38378,0,0,38378,0,0,38378,2,1000
30777,9730,40507,0,0,40507,0,0,40507,2,1000
31248,9823,41071,0,0,41071,0,0,41071,2,1000
32576,9930,42506,0,0,42506,0,0,42506,2,1000
33782,11406,45188,0,0,45188,0,0,45188,2,1000
35003,11621,46624,0,0,46624,0,0,46624,2,1000
35848,13097,48945,0,0,48945,0,0,48945,2,1000
36607,13195,49802,0,0,49802,0,0,49802,0,1000
36832,13195,50027,0,0,50027,0,0,50027,0,1000
37634,11785,49419,0,0,49419,0,0,49419,0,1000
39553,13261,52814,0,0,52814,0,0,52814,0,1000
40498,13284,53782,0,0,53782,0,0,53782,0,1000
38926,11808,50734,0,0,50734,0,0,50734,0,1000
38643,11808,50451,0,0,50451,0,0,50451,0,1000
39094,11808,50902,0,0,50902,0,0,50902,0,1000
41219,11808,53027,0,0,53027,0,0,53027,0,1000
41628,10332,51960,0,0,51960,0,0,51960,0,1000
42198,10332,52530,0,0,52530,0,0,52530,0,1000
43629,8856,52485,0,0,52485,0,0,52485,0,1000
44673,10332,55005,0,0,55005,0,0,55005,0,1000
45608,10332,55940,0,0,55940,0,0,55940,0,1000
57782,11808,69590,0,0,69590,0,0,69590,0,1000
56909,11808,68717,0,0,68717,0,0,68717,0,1000
53517,10332,63849,0,0,63849,0,0,63849,0,1000
51165,9504,60669,0,0,60669,0,0,60669,0,1000
49293,8028,57321,0,0,57321,0,0,57321,0,1000
50333,9504,59837,0,0,59837,0,0,59837,0,1000
51682,9504,61186,0,0,61186,0,0,61186,0,1000
53461,9504,62965,0,0,62965,0,0,62965,0,1000
54640,9504,64144,0,0,64144,0,0,64144,0,1000
54885,9504,64389,0,0,64389,0,0,64389,0,1000
46041,8028,54069,0,0,54069,0,0,54069,0,1000
50595,8028,58623,0,0,58623,0,0,58623,0,1000
56881,9504,66385,0,0,66385,0,0,66385,0,1000
60591,8856,69447,0,0,69447,0,0,69447,0,1000
62047,10332,72379,0,0,72379,0,0,72379,0,1000
62541,8856,71397,0,0,71397,0,0,71397,0,1000
63322,8856,72178,0,0,72178,0,0,72178,0,1000
62474,10332,72806,0,0,72806,0,0,72806,0,1000
55681,8856,64537,0,0,64537,0,0,64537,0,1000
65689,7380,73069,0,0,73069,0,0,73069,0,1000
63504,5904,69408,0,0,69408,0,0,69408,0,1000
63004,5904,68908,0,0,68908,0,0,68908,0,1000
62435,4428,66863,0,0,66863,0,0,66863,0,1000
62898,4428,67326,0,0,67326,0,0,67326,0,1000
63193,2952,66145,0,0,66145,0,0,66145,0,1000
62347,2952,65299,0,0,65299,0,0,65299,0,1000
61499,2952,64451,0,0,64451,0,0,64451,0,1000
61808,2952,64760,0,0,64760,0,0,64760,0,1000
67966,2952,70918,0,0,70918,0,0,70918,0,1000
57594,4428,62022,0,0,62022,0,0,62022,0,1000
58814,4428,63242,0,0,63242,0,0,63242,0,1000
59253,5904,65157,0,0,65157,0,0,65157,0,1000
60194,7380,67574,0,0,67574,0,0,67574,0,1000
59715,7380,67095,0,0,67095,0,0,67095,0,1000
61312,8856,70168,0,0,70168,0,0,70168,0,1000
62019,10332,72351,0,0,72351,0,0,72351,0,1000
64224,10332,74556,0,0,74556,0,0,74556,0,1000
64775,8856,73631,0,0,73631,0,0,73631,0,1000
66248,10332,76580,0,0,76580,0,0,76580,0,1000
67793,10332,78125,0,0,78125,0,0,78125,0,1000
68218,10332,78550,0,0,78550,0,0,78550,0,1000
68406,10332,78738,0,0,78738,0,0,78738,0,1000
66695,8856,75551,0,0,75551,0,0,75551,0,1000
67729,10332,78061,0,0,78061,0,0,78061,0,1000
67958,8856,76814,0,0,76814,0,0,76814,0,1000
68396,8856,77252,0,0,77252,0,0,77252,0,1000
68999,8856,77855,0,0,77855,0,0,77855,0,1000
69181,8856,78037,0,0,78037,0,0,78037,0,1000
71281,8856,80137,0,0,80137,0,0,80137,0,1000
70934,7380,78314,0,0,78314,0,0,78314,0,1000
72271,8856,81127,0,0,81127,0,0,81127,0,1000
81591,8856,90447,0,0,90447,0,0,90447,0,1000
79160,8856,88016,0,0,88016,0,0,88016,0,1000
76356,8856,85212,0,0,85212,0,0,85212,0,1000
75695,8856,84551,0,0,84551,0,0,84551,0,1000
76425,8856,85281,0,0,85281,0,0,85281,0,1000
75707,8856,84563,0,0,84563,0,0,84563,0,1000
75523,8856,84379,0,0,84379,0,0,84379,0,1000
75484,8856,84340,0,0,84340,0,0,84340,0,1000
76213,10332,86545,0,0,86545,0,0,86545,0,1000
76782,8856,85638,0,0,85638,0,0,85638,0,1000
69968,8856,78824,0,0,78824,0,0,78824,0,1000
76244,8856,85100,0,0,85100,0,0,85100,0,1000
79431,8856,88287,0,0,88287,0,0,88287,0,1000
80943,10332,91275,0,0,91275,0,0,91275,0,1000
81838,8856,90694,0,0,90694,0,0,90694,0,1000
84352,8856,93208,0,0,93208,0,0,93208,0,1000
85424,8856,94280,0,0,94280,0,0,94280,0,1000
86085,8856,94941,0,0,94941,0,0,94941,0,1000
86470,8856,95326,0,0,95326,0,0,95326,0,1000
86687,8856,95543,0,0,95543,0,0,95543,0,1000
85822,8856,94678,0,0,94678,0,0,94678,0,1000
85968,10332,96300,0,0,96300,0,0,96300,0,1000
86989,8856,95845,0,0,95845,0,0,95845,0,1000
85630,8856,94486,0,0,94486,0,0,94486,0,1000
84766,8856,93622,0,0,93622,0,0,93622,0,1000
83766,8856,92622,0,0,92622,0,0,92622,0,1000
83931,8856,92787,0,0,92787,0,0,92787,0,1000
85845,8856,94701,0,0,94701,0,0,94701,0,1000
87785,8856,96641,0,0,96641,0,0,96641,0,1000
89362,8856,98218,0,0,98218,0,0,98218,0,1000
88190,8856,97046,0,0,97046,0,0,97046,0,1000
87023,8856,95879,0,0,95879,0,0,95879,0,1000
86411,8856,95267,0,0,95267,0,0,95267,0,1000
89535,8856,98391,0,0,98391,0,0,98391,0,1000
91321,8856,100177,0,0,100177,0,0,100177,0,1000
94869,8856,103725,0,0,103725,0,0,103725,0,1000
96109,10332,106441,0,0,106441,0,0,106441,0,1000
95400,10332,105732,0,0,105732,0,0,105732,0,1000
93688,8856,102544,0,0,102544,0,0,102544,0,1000
92838,10332,103170,0,0,103170,0,0,103170,0,1000
94991,8856,103847,0,0,103847,0,0,103847,0,1000
97151,8856,106007,0,0,106007,0,0,106007,0,1000
97075,10332,107407,0,0,107407,0,0,107407,0,1000
97439,8856,106295,0,0,106295,0,0,106295,0,1000
97282,10332,107614,0,0,107614,0,0,107614,0,1000
95683,10332,106015,0,0,106015,0,0,106015,0,1000
94862,8856,103718,0,0,103718,0,0,103718,0,1000
96374,8856,105230,0,0,105230,0,0,105230,0,1000
96557,10332,106889,0,0,106889,0,0,106889,0,1000
98000,8856,106856,0,0,106856,0,0,106856,0,1000
98710,10332,109042,0,0,109042,0,0,109042,0,1000
110638,10332,120970,0,0,120970,0,0,120970,0,1000
106722,10332,117054,0,0,117054,0,0,117054,0,1000
102187,10332,112519,0,0,112519,0,0,112519,0,1000
102941,10332,113273,0,0,113273,0,0,113273,0,1000
103998,10332,114330,0,0,114330,0,0,114330,0,1000
104395,10332,114727,0,0,114727,0,0,114727,0,1000
103826,10332,114158,0,0,114158,0,0,114158,0,1000
108490,10332,118822,0,0,118822,0,0,118822,0,1000
109925,11808,121733,0,0,121733,0,0,121733,0,1000
110752,10332,121084,0,0,121084,0,0,121084,0,1000
101237,10332,111569,0,0,111569,0,0,111569,0,1000
107491,10332,117823,0,0,117823,0,0,117823,0,1000
115338,11808,127146,0,0,127146,0,0,127146,0,1000
115395,10332,125727,0,0,125727,0,0,125727,0,1000
116628,10332,126960,0,0,126960,0,0,126960,0,1000
117021,11808,128829,0,0,128829,0,0,128829,0,1000
117150,11808,128958,0,0,128958,0,0,128958,0,1000
115918,10332,126250,0,0,126250,0,0,126250,0,1000
116850,10332,127182,0,0,127182,0,0,127182,0,1000
114311,11808,126119,0,0,126119,0,0,126119,0,1000
116254,11808,128062,0,0,128062,0,0,128062,0,1000
112500,10332,122832,0,0,122832,0,0,122832,0,1000
111543,10332,121875,0,0,121875,0,0,121875,0,1000
112825,11808,124633,0,0,124633,0,0,124633,0,1000
111885,10332,122217,0,0,122217,0,0,122217,0,1000
114403,10332,124735,0,0,124735,0,0,124735,0,1000
116491,10332,126823,0,0,126823,0,0,126823,0,1000
116419,11808,128227,0,0,128227,0,0,128227,0,1000
118558,11808,130366,0,0,130366,0,0,130366,0,1000
121710,11808,133518,0,0,133518,0,0,133518,0,1000
121885,11808,133693,0,0,133693,0,0,133693,0,1000
126265,11808,138073,0,0,138073,0,0,138073,0,1000
126679,11808,138487,0,0,138487,0,0,138487,0,1000
126691,11808,138499,0,0,138499,0,0,138499,0,1000
129268,13284,142552,0,0,142552,0,0,142552,0,1000
128198,11808,140006,0,0,140006,0,0,140006,0,1000
131231,11808,143039,0,0,143039,0,0,143039,0,1000
128346,11808,140154,0,0,140154,0,0,140154,0,1000
125888,10332,136220,0,0,136220,0,0,136220,0,1000
125125,8856,133981,0,0,133981,0,0,133981,0,1000
123897,7380,131277,0,0,131277,0,0,131277,0,1000
124882,7380,132262,0,0,132262,0,0,132262,0,1000
123717,5904,129621,0,0,129621,0,0,129621,0,1000
122575,4428,127003,0,0,127003,0,0,127003,0,1000
119733,2952,122685,0,0,122685,0,0,122685,0,1000
119988,2952,122940,0,0,122940,0,0,122940,0,1000
113937,1476,115413,0,0,115413,0,0,115413,0,1000
114392,0,114392,0,0,114392,0,0,114392,0,1000
116286,0,116286,0,0,116286,0,0,116286,0,1000
115474,0,115474,0,0,115474,0,0,115474,0,1000
114663,0,114663,0,0,114663,0,0,114663,0,1000
112117,0,112117,0,0,112117,0,0,112117,0,1000
119310,0,119310,0,0,119310,0,0,119310,0,1000
114289,0,114289,0,0,114289,0,0,114289,0,1000
113044,0,113044,0,0,113044,0,0,113044,0,1000
112374,0,112374,0,0,112374,0,0,112374,0,1000
113285,0,113285,0,0,113285,0,0,113285,0,1000
115557,0,115557,0,0,115557,0,0,115557,0,1000
111601,0,111601,0,0,111601,0,0,111601,0,1000
111761,0,111761,0,0,111761,0,0,111761,0,1000
111421,0,111421,0,0,111421,0,0,111421,0,1000
112285,0,112285,0,0,112285,0,0,112285,0,1000
104753,1476,106229,0,0,106229,0,0,106229,0,1000
109372,2952,112324,0,0,112324,0,0,112324,0,1000
110714,5904,116618,0,0,116618,0,0,116618,0,1000
110064,7380,117444,0,0,117444,0,0,117444,0,1000
111798,10332,122130,0,0,122130,0,0,122130,0,1000
110285,11808,122093,0,0,122093,0,0,122093,0,1000
110877,14760,125637,0,0,125637,0,0,125637,0,1000
112059,16236,128295,0,0,128295,0,0,128295,0,1000
112017,19188,131205,0,0,131205,0,0,131205,0,1000
111697,20664,132361,0,0,132361,0,0,132361,0,1000
112408,22140,134548,0,0,134548,0,0,134548,0,1000
110482,22140,132622,0,0,132622,0,0,132622,0,1000
109028,22140,131168,0,0,131168,0,0,131168,0,1000
109117,22140,131257,0,0,131257,0,0,131257,0,1000
108488,22140,130628,0,0,130628,0,0,130628,0,1000
109189,22140,131329,0,0,131329,0,0,131329,0,1000
110441,22140,132581,0,0,132581,0,0,132581,0,1000
111784,22140,133924,0,0,133924,0,0,133924,0,1000
112985,22140,135125,0,0,135125,0,0,135125,0,1000
114296,22140,136436,0,0,136436,0,0,136436,0,1000
114366,22140,136506,0,0,136506,0,0,136506,0,1000
118788,22140,140928,0,0,140928,0,0,140928,0,1000
120770,19188,139958,0,0,139958,0,0,139958,0,1000
121792,17712,139504,0,0,139504,0,0,139504,0,1000
120053,14760,134813,0,0,134813,0,0,134813,0,1000
119024,13284,132308,0,0,132308,0,0,132308,0,1000
117088,10332,127420,0,0,127420,0,0,127420,0,1000
115024,8856,123880,0,0,123880,0,0,123880,0,1000
114196,5904,120100,0,0,120100,0,0,120100,0,1000
113500,4428,117928,0,0,117928,0,0,117928,0,1000
113114,1476,114590,0,0,114590,0,0,114590,0,1000
110431,0,110431,0,0,110431,0,0,110431,0,1000
108238,0,108238,0,0,108238,0,0,108238,0,1000
106771,0,106771,0,0,106771,0,0,106771,0,1000
109191,0,109191,0,0,109191,0,0,109191,0,1000
111534,0,111534,0,0,111534,0,0,111534,0,1000
113190,0,113190,0,0,113190,0,0,113190,0,1000
111150,0,111150,0,0,111150,0,0,111150,0,1000
107940,0,107940,0,0,107940,0,0,107940,0,1000
106422,0,106422,0,0,106422,0,0,106422,0,1000
106057,1476,107533,0,0,107533,0,0,107533,0,1000
116667,5904,122571,0,0,122571,0,0,122571,0,1000
115331,7380,122711,0,0,122711,0,0,122711,0,1000
115403,8856,124259,0,0,124259,0,0,124259,0,1000
113162,11808,124970,0,0,124970,0,0,124970,0,1000
109618,13284,122902,0,0,122902,0,0,122902,0,1000
107245,14760,122005,0,0,122005,0,0,122005,0,1000
109142,16236,125378,0,0,125378,0,0,125378,0,1000
111132,19188,130320,0,0,130320,0,0,130320,0,1000
110412,20664,131076,0,0,131076,0,0,131076,0,1000
109806,22140,131946,0,0,131946,0,0,131946,0,1000
99507,19188,118695,0,0,118695,0,0,118695,0,1000
103121,20664,123785,0,0,123785,0,0,123785,0,1000
103295,20664,123959,0,0,123959,0,0,123959,0,1000
106033,20664,126697,0,0,126697,0,0,126697,0,1000
107492,20664,128156,0,0,128156,0,0,128156,0,1000
110353,22140,132493,0,0,132493,0,0,132493,0,1000
110965,22140,133105,0,0,133105,0,0,133105,0,1000
115108,22140,137248,0,0,137248,0,0,137248,0,1000
117393,22140,139533,0,0,139533,0,0,139533,0,1000
120349,20664,141013,0,0,141013,0,0,141013,0,1000
135466,20664,156130,0,0,156130,0,0,156130,0,1000
128261,17712,145973,0,0,145973,0,0,145973,0,1000
131314,16236,147550,0,0,147550,0,0,147550,0,1000
127580,13284,140864,0,0,140864,0,0,140864,0,1000
132249,11808,144057,0,0,144057,0,0,144057,0,1000
127241,8856,136097,0,0,136097,0,0,136097,0,1000
130821,7380,138201,0,0,138201,0,0,138201,0,1000
122908,4428,127336,0,0,127336,0,0,127336,0,1000
111870,1476,113346,0,0,113346,0,0,113346,0,1000
121119,1476,122595,0,0,122595,0,0,122595,0,1000
110295,0,110295,0,0,110295,0,0,110295,0,1000
111581,0,111581,0,0,111581,0,0,111581,0,1000
111198,0,111198,0,0,111198,0,0,111198,0,1000
110528,0,110528,0,0,110528,0,0,110528,0,1000
110906,0,110906,0,0,110906,0,0,110906,0,1000
108982,0,108982,0,0,108982,0,0,108982,0,1000
110530,0,110530,0,0,110530,0,0,110530,0,1000
108512,0,108512,0,0,108512,0,0,108512,0,1000
108683,2952,111635,0,0,111635,0,0,111635,0,1000
108485,5904,114389,0,0,114389,0,0,114389,0,1000
107438,7380,114818,0,0,114818,0,0,114818,0,1000
108343,10332,118675,0,0,118675,0,0,118675,0,1000
109777,11808,121585,0,0,121585,0,0,121585,0,1000
108797,13284,122081,0,0,122081,0,0,122081,0,1000
108341,16236,124577,0,0,124577,0,0,124577,0,1000
110442,17712,128154,0,0,128154,0,0,128154,0,1000
110580,20664,131244,0,0,131244,0,0,131244,0,1000
112183,22140,134323,0,0,134323,0,0,134323,0,1000
108341,22140,130481,0,0,130481,0,0,130481,0,1000
109072,20664,129736,0,0,129736,0,0,129736,0,1000
122015,23616,145631,0,0,145631,0,0,145631,0,1000
116495,22140,138635,0,0,138635,0,0,138635,0,1000
118807,20664,139471,0,0,139471,0,0,139471,0,1000
115931,19188,135119,0,0,135119,0,0,135119,0,1000
112908,16236,129144,0,0,129144,0,0,129144,0,1000
112006,14760,126766,0,0,126766,0,0,126766,0,1000
109725,11808,121533,0,0,121533,0,0,121533,0,1000
111056,10332,121388,0,0,121388,0,0,121388,0,1000
112610,7380,119990,0,0,119990,0,0,119990,0,1000
111169,5904,117073,0,0,117073,0,0,117073,0,1000
97005,2952,99957,0,0,99957,0,0,99957,0,1000
102148,2952,105100,0,0,105100,0,0,105100,0,1000
98045,4428,102473,0,0,102473,0,0,102473,0,1000
98732,5904,104636,0,0,104636,0,0,104636,0,1000
102189,8856,111045,0,0,111045,0,0,111045,0,1000
101839,10332,112171,0,0,112171,0,0,112171,0,1000
102353,13284,115637,0,0,115637,0,0,115637,0,1000
100521,14760,115281,0,0,115281,0,0,115281,0,1000
101106,16236,117342,0,0,117342,0,0,117342,0,1000
101014,19188,120202,0,0,120202,0,0,120202,0,1000
103159,19188,122347,0,0,122347,0,0,122347,0,1000
103136,19188,122324,0,0,122324,0,0,122324,0,1000
101276,20664,121940,0,0,121940,0,0,121940,0,1000
103686,20664,124350,0,0,124350,0,0,124350,0,1000
101928,19188,121116,0,0,121116,0,0,121116,0,1000
103006,20664,123670,0,0,123670,0,0,123670,0,1000
103240,19188,122428,0,0,122428,0,0,122428,0,1000
104423,20664,125087,0,0,125087,0,0,125087,0,1000
105648,22140,127788,0,0,127788,0,0,127788,0,1000
105744,20664,126408,0,0,126408,0,0,126408,0,1000
106243,20664,126907,0,0,126907,0,0,126907,0,1000
106612,22140,128752,0,0,128752,0,0,128752,0,1000
112655,22140,134795,0,0,134795,0,0,134795,0,1000
112128,22140,134268,0,0,134268,0,0,134268,0,1000
112557,23616,136173,0,0,136173,0,0,136173,0,1000
113319,22140,135459,0,0,135459,0,0,135459,0,1000
113547,23616,137163,0,0,137163,0,0,137163,0,1000
113340,22140,135480,0,0,135480,0,0,135480,0,1000
114665,22140,136805,0,0,136805,0,0,136805,0,1000
115060,22140,137200,0,0,137200,0,0,137200,0,1000
110257,22140,132397,0,0,132397,0,0,132397,0,1000
109016,20664,129680,0,0,129680,0,0,129680,0,1000
107021,17712,124733,0,0,124733,0,0,124733,0,2500
105825,16236,122061,0,0,122061,0,0,122061,0,2500
104685,13284,117969,0,0,117969,0,0,117969,0,2500
104409,11808,116217,0,0,116217,0,0,116217,0,2500
103686,8856,112542,0,0,112542,0,0,112542,0,2500
102816,10332,113148,0,0,113148,0,0,113148,0,2500
100154,10332,110486,0,0,110486,0,0,110486,0,2500
100148,10332,110480,0,0,110480,0,0,110480,0,2500
105027,11808,116835,0,0,116835,0,0,116835,0,2500
115683,14760,130443,0,0,130443,0,0,130443,0,2500
108939,16236,125175,0,0,125175,0,0,125175,0,2500
107824,17712,125536,0,0,125536,0,0,125536,0,2500
106359,20664,127023,0,0,127023,0,0,127023,0,2500
102449,22140,124589,0,0,124589,0,0,124589,0,2500
100177,25092,125269,0,0,125269,0,0,125269,0,2500
101653,23616,125269,0,0,125269,0,0,125269,0,2500
104483,25092,129575,0,0,129575,0,0,129575,0,2500
104408,25092,129500,0,0,129500,0,0,129500,0,2500
104260,25092,129352,0,0,129352,0,0,129352,0,2500
94982,23616,118598,0,0,118598,0,0,118598,0,2500
104663,25092,129755,0,0,129755,0,0,129755,0,2500
110172,26568,136740,0,0,136740,0,0,136740,0,2500
114869,28044,142913,0,0,142913,0,0,142913,0,2500
117817,28044,145861,0,0,145861,0,0,145861,0,2500
118991,26568,145559,0,0,145559,0,0,145559,0,2500
118449,26568,145017,0,0,145017,0,0,145017,0,2500
117900,25092,142992,0,0,142992,0,0,142992,0,2500
120509,25092,145601,0,0,145601,0,0,145601,0,2500
125358,25092,150450,0,0,150450,0,0,150450,0,2500
126622,23616,150238,0,0,150238,0,0,150238,0,2500
125336,23616,148952,0,0,148952,0,0,148952,0,2500
121955,22140,144095,0,0,144095,0,0,144095,0,2500
120001,20664,140665,0,0,140665,0,0,140665,0,2500
121724,20664,142388,0,0,142388,0,0,142388,0,2500
122818,20664,143482,0,0,143482,0,0,143482,0,2500
121835,20664,142499,0,0,142499,0,0,142499,0,2500
123609,20664,144273,0,0,144273,0,0,144273,0,2500
123214,20664,143878,0,0,143878,0,0,143878,0,2500
121240,20664,141904,0,0,141904,0,0,141904,0,2500
120561,20664,141225,0,0,141225,0,0,141225,0,2500
122828,20664,143492,0,0,143492,0,0,143492,0,2500
123730,20664,144394,0,0,144394,0,0,144394,0,2500
126185,20664,146849,0,0,146849,0,0,146849,0,2500
127366,20664,148030,0,0,148030,0,0,148030,0,2500
132539,22140,154679,0,0,154679,0,0,154679,0,2500
134917,22140,157057,0,0,157057,0,0,157057,0,2500
135834,22140,157974,0,0,157974,0,0,157974,0,2500
137765,22140,159905,0,0,159905,0,0,159905,0,2500
137735,22140,159875,0,0,159875,0,0,159875,0,2500
137181,22140,159321,0,0,159321,0,0,159321,0,2500
134893,22140,157033,0,0,157033,0,0,157033,0,2500
139250,23616,162866,0,0,162866,0,0,162866,0,2500
140381,22140,162521,0,0,162521,0,0,162521,0,2500
140694,23616,164310,0,0,164310,0,0,164310,0,2500
135160,22140,157300,0,0,157300,0,0,157300,0,2500
135840,22140,157980,0,0,157980,0,0,157980,0,2500
137981,23616,161597,0,0,161597,0,0,161597,0,2500
138114,25092,163206,0,0,163206,0,0,163206,0,2500
140660,23616,164276,0,0,164276,0,0,164276,0,2500
143030,23616,166646,0,0,166646,0,0,166646,0,2500
160724,26568,187292,0,0,187292,0,0,187292,0,2500
149922,23616,173538,0,0,173538,0,0,173538,0,2500
145519,23616,169135,0,0,169135,0,0,169135,0,2500
144173,22140,166313,0,0,166313,0,0,166313,0,2500
153269,23616,176885,0,0,176885,0,0,176885,0,2500
153109,25092,178201,0,0,178201,0,0,178201,0,2500
155839,22140,177979,0,0,177979,0,0,177979,0,2500
156051,22140,178191,0,0,178191,0,0,178191,0,2500
154999,22140,177139,0,0,177139,0,0,177139,0,2500
157238,22140,179378,0,0,179378,0,0,179378,0,2500
143403,19188,162591,0,0,162591,0,0,162591,0,2500
155183,20664,175847,0,0,175847,0,0,175847,0,2500
165905,22140,188045,0,0,188045,0,0,188045,0,2500
169182,22140,191322,0,0,191322,0,0,191322,0,2500
170412,22140,192552,0,0,192552,0,0,192552,0,2500
173558,20664,194222,0,0,194222,0,0,194222,0,2500
171040,22140,193180,0,0,193180,0,0,193180,0,2500
171700,20664,192364,0,0,192364,0,0,192364,0,2500
176580,22140,198720,0,0,198720,0,0,198720,0,2500
171915,22140,194055,0,0,194055,0,0,194055,0,2500
177011,22140,199151,0,0,199151,0,0,199151,0,2500
173541,22140,195681,0,0,195681,0,0,195681,0,2500
171897,20664,192561,0,0,192561,0,0,192561,0,2500
173350,20664,194014,0,0,194014,0,0,194014,0,2500
174681,19188,193869,0,0,193869,0,0,193869,0,2500
176834,20664,197498,0,0,197498,0,0,197498,0,2500
180269,19188,199457,0,0,199457,0,0,199457,0,2500
179806,19188,198994,0,0,198994,0,0,198994,0,2500
180323,19188,199511,0,0,199511,0,0,199511,0,2500
188062,19188,207250,0,0,207250,0,0,207250,0,2500
185496,19188,204684,0,0,204684,0,0,204684,0,2500
188262,19188,207450,0,0,207450,0,0,207450,0,2500
192049,20664,212713,0,0,212713,0,0,212713,0,2500
191609,20664,212273,0,0,212273,0,0,212273,0,2500
191918,22140,214058,0,0,214058,0,0,214058,0,2500
188566,20664,209230,0,0,209230,0,0,209230,0,2500
190528,22140,212668,0,0,212668,0,0,212668,0,2500
194474,22140,216614,0,0,216614,0,0,216614,0,2500
197629,20664,218293,0,0,218293,0,0,218293,0,2500
199354,22140,221494,0,0,221494,0,0,221494,0,2500
198905,20664,219569,0,0,219569,0,0,219569,0,2500
204053,22140,226193,0,0,226193,0,0,226193,0,2500
203436,20664,224100,0,0,224100,0,0,224100,0,2500
203463,20664,224127,0,0,224127,0,0,224127,0,2500
204385,20664,225049,0,0,225049,0,0,225049,0,2500
209369,20664,230033,0,0,230033,0,0,230033,0,2500
210644,20664,231308,0,0,231308,0,0,231308,0,2500
209160,20664,229824,0,0,229824,0,0,229824,0,2500
208279,22140,230419,0,0,230419,0,0,230419,0,2500
207502,20664,228166,0,0,228166,0,0,228166,0,2500
216516,22140,238656,0,0,238656,0,0,238656,0,2500
213007,20664,233671,0,0,233671,0,0,233671,0,2500
216191,20664,236855,0,0,236855,0,0,236855,0,2500
221532,20664,242196,0,0,242196,0,0,242196,0,2500
220974,20664,241638,0,0,241638,0,0,241638,0,2500
221599,20664,242263,0,0,242263,0,0,242263,0,2500
224649,20664,245313,0,0,245313,0,0,245313,0,2500
227383,20664,248047,0,0,248047,0,0,248047,0,2500
228162,20664,248826,0,0,248826,0,0,248826,0,2500
225666,20664,246330,0,0,246330,0,0,246330,0,2500
220217,19188,239405,0,0,239405,0,0,239405,0,2500
222613,19188,241801,0,0,241801,0,0,241801,0,2500
223927,20664,244591,0,0,244591,0,0,244591,0,2500
225999,20664,246663,0,0,246663,0,0,246663,0,2500
230810,20664,251474,0,0,251474,0,0,251474,0,2500
230139,20664,250803,0,0,250803,0,0,250803,0,2500
231524,20664,252188,0,0,252188,0,0,252188,0,2500
233790,20664,254454,0,0,254454,0,0,254454,0,2500
237707,20664,258371,0,0,258371,0,0,258371,0,2500
243159,20664,263823,0,0,263823,0,0,263823,0,2500
249731,20664,270395,0,0,270395,0,0,270395,0,2500
250533,22140,272673,0,0,272673,0,0,272673,0,2500
250993,20664,271657,0,0,271657,0,0,271657,0,2500
250124,22140,272264,0,0,272264,0,0,272264,0,2500
252185,20664,272849,0,0,272849,0,0,272849,0,2500
255195,20664,275859,0,0,275859,0,0,275859,0,2500
255411,20664,276075,0,0,276075,0,0,276075,0,2500
247034,20664,267698,0,0,267698,0,0,267698,0,2500
244902,19188,264090,0,0,264090,0,0,264090,0,2500
244458,20664,265122,0,0,265122,0,0,265122,0,2500
248550,22140,270690,0,0,270690,0,0,270690,0,2500
255627,20664,276291,0,0,276291,0,0,276291,0,2500
259505,22140,281645,0,0,281645,0,0,281645,0,2500
259232,20664,279896,0,0,279896,0,0,279896,0,2500
256394,20664,277058,0,0,277058,0,0,277058,0,2500
257446,20664,278110,0,0,278110,0,0,278110,0,2500
259778,20664,280442,0,0,280442,0,0,280442,0,2500
269717,20664,290381,0,0,290381,0,0,290381,0,2500
277302,22140,299442,0,0,299442,0,0,299442,0,2500
279309,20664,299973,0,0,299973,0,0,299973,0,2500
276586,20664,297250,0,0,297250,0,0,297250,0,2500
271319,20664,291983,0,0,291983,0,0,291983,0,2500
262655,19188,281843,0,0,281843,0,0,281843,0,2500
265269,20664,285933,0,0,285933,0,0,285933,0,2500
269936,20664,290600,0,0,290600,0,0,290600,0,2500
269326,22140,291466,0,0,291466,0,0,291466,0,2500
272656,20664,293320,0,0,293320,0,0,293320,0,2500
274318,22140,296458,0,0,296458,0,0,296458,0,2500
275096,22140,297236,0,0,297236,0,0,297236,0,2500
274708,22140,296848,0,0,296848,0,0,296848,0,2500
278703,22140,300843,0,0,300843,0,0,300843,0,2500
280983,22140,303123,0,0,303123,0,0,303123,0,2500
292373,23616,315989,0,0,315989,0,0,315989,0,2500
298636,22140,320776,0,0,320776,0,0,320776,0,2500
299052,23616,322668,0,0,322668,0,0,322668,0,2500
300145,22140,322285,0,0,322285,0,0,322285,0,2500
301673,23616,325289,0,0,325289,0,0,325289,0,2500
303880,23616,327496,0,0,327496,0,0,327496,0,2500
298572,22140,320712,0,0,320712,0,0,320712,0,2500
298993,22140,321133,0,0,321133,0,0,321133,0,2500
297871,22140,320011,0,0,320011,0,0,320011,0,2500
310750,23616,334366,0,0,334366,0,0,334366,0,2500
306316,23616,329932,0,0,329932,0,0,329932,0,2500
309916,23616,333532,0,0,333532,0,0,333532,0,2500
313627,23616,337243,0,0,337243,0,0,337243,0,2500
316154,20664,336818,0,0,336818,0,0,336818,0,2500
316715,17712,334427,0,0,334427,0,0,334427,0,2500
321820,16236,338056,0,0,338056,0,0,338056,0,2500
319940,14760,334700,0,0,334700,0,0,334700,0,2500
316269,11808,328077,0,0,328077,0,0,328077,0,2500
285130,8856,293986,0,0,293986,0,0,293986,0,2500
272895,5904,278799,0,0,278799,0,0,278799,0,2500
297408,5904,303312,0,0,303312,0,0,303312,0,2500
296122,5904,302026,0,0,302026,0,0,302026,0,2500
286303,4428,290731,0,0,290731,0,0,290731,0,2500
279218,7380,286598,0,0,286598,0,0,286598,0,2500
273503,8856,282359,0,0,282359,0,0,282359,0,2500
269156,11808,280964,0,0,280964,0,0,280964,0,2500
267063,13284,280347,0,0,280347,0,0,280347,0,2500
264805,16236,281041,0,0,281041,0,0,281041,0,2500
256297,17712,274009,0,0,274009,0,0,274009,0,2500
260327,20664,280991,0,0,280991,0,0,280991,0,2500
262843,20664,283507,0,0,283507,0,0,283507,0,2500
263255,19188,282443,0,0,282443,0,0,282443,0,2500
267790,22140,289930,0,0,289930,0,0,289930,0,2500
265927,20664,286591,0,0,286591,0,0,286591,0,2500
269181,22140,291321,0,0,291321,0,0,291321,0,2500
270772,20664,291436,0,0,291436,0,0,291436,0,2500
272125,20664,292789,0,0,292789,0,0,292789,0,2500
243250,17712,260962,0,0,260962,0,0,260962,0,2500
222812,16236,239048,0,0,239048,0,0,239048,0,600
185943,13284,199227,0,0,199227,0,0,199227,0,600
166390,11808,178198,0,0,178198,0,0,178198,0,600
129704,10332,140036,0,0,140036,0,0,140036,0,600
108929,7380,116309,0,0,116309,0,0,116309,0,600
148460,11808,160268,0,0,160268,0,0,160268,0,600
236545,17712,254257,0,0,254257,0,0,254257,0,600
246749,20664,267413,0,0,267413,0,0,267413,0,600
257679,22140,279819,0,0,279819,0,0,279819,0,600
278531,23616,302147,0,0,302147,0,0,302147,0,600
300083,23616,323699,0,0,323699,0,0,323699,0,600
320477,23616,344093,0,0,344093,0,0,344093,0,600
333831,23616,357447,0,0,357447,0,0,357447,0,600
354846,23616,378462,0,0,378462,0,0,378462,0,600
364159,23616,387775,0,0,387775,0,0,387775,0,600
300146,17712,317858,0,0,317858,0,0,317858,0,600
198507,8856,207363,0,0,207363,0,0,207363,0,600
162196,4428,166624,0,0,166624,0,0,166624,0,600
143360,1476,144836,0,0,144836,0,0,144836,0,600
128511,0,128511,0,0,128511,0,0,128511,0,600
118165,0,118165,0,0,118165,0,0,118165,0,600
104277,0,104277,0,0,104277,0,0,104277,0,600
100209,0,100209,0,0,100209,0,0,100209,0,600
85543,0,85543,0,0,85543,0,0,85543,0,600
85969,0,85969,0,0,85969,0,0,85969,0,600
84919,0,84919,0,0,84919,0,0,84919,0,600
83070,0,83070,0,0,83070,0,0,83070,0,600
86306,0,86306,0,0,86306,0,0,86306,0,600
80329,0,80329,0,0,80329,0,0,80329,0,600
83431,0,83431,0,0,83431,0,0,83431,0,600
78248,0,78248,0,0,78248,0,0,78248,0,600
78151,0,78151,0,0,78151,0,0,78151,0,600
73565,0,73565,0,0,73565,0,0,73565,0,600
74184,0,74184,0,0,74184,0,0,74184,0,600
68934,0,68934,0,0,68934,0,0,68934,0,600
70172,0,70172,0,0,70172,0,0,70172,0,600
65975,0,65975,0,0,65975,0,0,65975,0,600
60997,0,60997,0,0,60997,0,0,60997,0,600
59077,0,59077,0,0,59077,0,0,59077,0,600
56869,0,56869,0,0,56869,0,0,56869,0,600
55224,0,55224,0,0,55224,0,0,55224,0,600
55198,0,55198,0,0,55198,0,0,55198,0,600
55507,0,55507,0,0,55507,0,0,55507,0,600
55781,0,55781,0,0,55781,0,0,55781,0,600
55827,0,55827,0,0,55827,0,0,55827,0,600
55955,0,55955,0,0,55955,0,0,55955,0,600
56599,0,56599,0,0,56599,0,0,56599,0,600
58534,0,58534,0,0,58534,0,0,58534,0,600
60154,0,60154,0,0,60154,0,0,60154,0,600
59194,1476,60670,0,0,60670,0,0,60670,0,600
58925,4428,63353,0,0,63353,0,0,63353,0,600
57577,7380,64957,0,0,64957,0,0,64957,0,600
56109,8856,64965,0,0,64965,0,0,64965,0,600
54293,11808,66101,0,0,66101,0,0,66101,0,600
54000,13284,67284,0,0,67284,0,0,67284,0,600
52135,16236,68371,0,0,68371,0,0,68371,0,600
49998,17712,67710,0,0,67710,0,0,67710,0,600
48776,20664,69440,0,0,69440,0,0,69440,0,600
47761,23616,71377,0,0,71377,0,0,71377,0,600
49761,25092,74853,0,0,74853,0,0,74853,0,600
52335,25092,77427,0,0,77427,0,0,77427,0,600
55204,25092,80296,0,0,80296,0,0,80296,0,600
55638,25092,80730,0,0,80730,0,0,80730,0,600
56026,25092,81118,0,0,81118,0,0,81118,0,600
64481,28044,92525,0,0,92525,0,0,92525,0,600
62095,27416,89511,0,0,89511,0,0,89511,0,600
64360,27416,91776,0,0,91776,0,0,91776,0,600
68210,28892,97102,0,0,97102,0,0,97102,0,600
69139,27416,96555,0,0,96555,0,0,96555,0,600
68423,24464,92887,0,0,92887,0,0,92887,0,600
65599,21512,87111,0,0,87111,0,0,87111,0,600
63951,18560,82511,0,0,82511,0,0,82511,0,600
65041,17084,82125,0,0,82125,0,0,82125,0,600
66329,14132,80461,0,0,80461,0,0,80461,0,600
57360,9704,67064,0,0,67064,0,0,67064,0,600
61215,7380,68595,0,0,68595,0,0,68595,0,600
61210,5904,67114,0,0,67114,0,0,67114,0,600
57946,1476,59422,0,0,59422,0,0,59422,0,600
56299,0,56299,0,0,56299,0,0,56299,0,600
55973,0,55973,0,0,55973,0,0,55973,0,600
56563,0,56563,0,0,56563,0,0,56563,0,600
56606,0,56606,0,0,56606,0,0,56606,0,600
56180,0,56180,0,0,56180,0,0,56180,0,600
57645,0,57645,0,0,57645,0,0,57645,0,600
58463,0,58463,0,0,58463,0,0,58463,0,600
58425,2952,61377,0,0,61377,0,0,61377,0,600
58064,4428,62492,0,0,62492,0,0,62492,0,600
57565,7380,64945,0,0,64945,0,0,64945,0,600
57437,8856,66293,0,0,66293,0,0,66293,0,600
56532,11808,68340,0,0,68340,0,0,68340,0,600
58576,14760,73336,0,0,73336,0,0,73336,0,600
58902,17712,76614,0,0,76614,0,0,76614,0,600
58726,19188,77914,0,0,77914,0,0,77914,0,600
56697,22140,78837,0,0,78837,0,0,78837,0,600
56730,25092,81822,0,0,81822,0,0,81822,0,600
57194,25092,82286,0,0,82286,0,0,82286,0,600
52049,23616,75665,0,0,75665,0,0,75665,0,600
59235,25092,84327,0,0,84327,0,0,84327,0,600
62853,26568,89421,0,0,89421,0,0,89421,0,600
61225,26568,87793,0,0,87793,0,0,87793,0,600
64069,26568,90637,0,0,90637,0,0,90637,0,600
63084,25092,88176,0,0,88176,0,0,88176,0,600
70370,23616,93986,0,0,93986,0,0,93986,0,600
67193,20664,87857,0,0,87857,0,0,87857,0,600
67971,17712,85683,0,0,85683,0,0,85683,0,600
65060,14760,79820,0,0,79820,0,0,79820,0,600
71349,14760,86109,0,0,86109,0,0,86109,0,600
61603,10332,71935,0,0,71935,0,0,71935,0,600
62868,7380,70248,0,0,70248,0,0,70248,0,600
61494,4428,65922,0,0,65922,0,0,65922,0,600
58302,1476,59778,0,0,59778,0,0,59778,0,600
58057,0,58057,0,0,58057,0,0,58057,0,600
52978,0,52978,0,0,52978,0,0,52978,0,600
53922,1476,55398,0,0,55398,0,0,55398,0,600
54653,4428,59081,0,0,59081,0,0,59081,0,600
68578,11808,80386,0,0,80386,0,0,80386,0,600
63272,12255,75527,0,0,75527,0,0,75527,0,600
60534,12255,72789,0,0,72789,0,0,72789,0,600
53112,13267,66379,0,0,66379,0,0,66379,0,600
57479,16219,73698,0,0,73698,0,0,73698,0,600
58864,18879,77743,0,0,77743,0,0,77743,0,600
55616,18879,74495,0,0,74495,0,0,74495,0,600
56767,18879,75646,0,0,75646,0,0,75646,0,600
57868,17403,75271,0,0,75271,0,0,75271,0,600
57544,14451,71995,0,0,71995,0,0,71995,0,600
42715,7071,49786,0,0,49786,0,0,49786,0,600
47212,9576,56788,0,0,56788,0,0,56788,0,600
50807,11052,61859,0,0,61859,0,0,61859,0,600
56926,12992,69918,0,0,69918,0,0,69918,0,600
53422,11516,64938,0,0,64938,0,0,64938,0,600
52110,11808,63918,0,0,63918,0,0,63918,0,600
55170,14760,69930,0,0,69930,0,0,69930,0,600
54845,17712,72557,0,0,72557,0,0,72557,0,600
54276,19188,73464,0,0,73464,0,0,73464,0,600
55660,22140,77800,0,0,77800,0,0,77800,0,600
57060,23616,80676,0,0,80676,0,0,80676,0,600
59460,23616,83076,0,0,83076,0,0,83076,0,600
60829,25092,85921,0,0,85921,0,0,85921,0,600
60936,25092,86028,0,0,86028,0,0,86028,0,600
62408,25092,87500,0,0,87500,0,0,87500,0,600
64544,26568,91112,0,0,91112,0,0,91112,0,600
64314,23616,87930,0,0,87930,0,0,87930,0,600
66200,20664,86864,0,0,86864,0,0,86864,0,600
66637,19188,85825,0,0,85825,0,0,85825,0,600
65690,16236,81926,0,0,81926,0,0,81926,0,600
65490,14760,80250,0,0,80250,0,0,80250,0,600
64252,11808,76060,0,0,76060,0,0,76060,0,600
61233,8856,70089,0,0,70089,0,0,70089,0,600
59145,5904,65049,0,0,65049,0,0,65049,0,600
59899,4428,64327,0,0,64327,0,0,64327,0,600
55073,0,55073,0,0,55073,0,0,55073,0,600
55214,0,55214,0,0,55214,0,0,55214,0,600
49438,0,49438,0,0,49438,0,0,49438,0,600
49316,0,49316,0,0,49316,0,0,49316,0,600
47053,0,47053,0,0,47053,0,0,47053,0,600
47509,0,47509,0,0,47509,0,0,47509,0,600
43610,0,43610,0,0,43610,0,0,43610,0,600
45020,0,45020,0,0,45020,0,0,45020,0,600
43670,1476,45146,0,0,45146,0,0,45146,0,600
43980,4428,48408,0,0,48408,0,0,48408,0,600
44157,5904,50061,0,0,50061,0,0,50061,0,600
44133,8856,52989,0,0,52989,0,0,52989,0,600
44161,10332,54493,0,0,54493,0,0,54493,0,600
44617,13284,57901,0,0,57901,0,0,57901,0,600
44465,16236,60701,0,0,60701,0,0,60701,0,600
44779,19188,63967,0,0,63967,0,0,63967,0,600
50634,22140,72774,0,0,72774,0,0,72774,0,600
48489,22853,71342,0,0,71342,0,0,71342,0,600
48200,22853,71053,0,0,71053,0,0,71053,0,600
49041,22853,71894,0,0,71894,0,0,71894,0,600
49011,22853,71864,0,0,71864,0,0,71864,0,600
49964,22853,72817,0,0,72817,0,0,72817,0,600
50154,24329,74483,0,0,74483,0,0,74483,0,600
51536,24329,75865,0,0,75865,0,0,75865,0,600
52156,22853,75009,0,0,75009,0,0,75009,0,600
52507,22853,75360,0,0,75360,0,0,75360,0,600
47432,21377,68809,0,0,68809,0,0,68809,0,600
51185,23616,74801,0,0,74801,0,0,74801,0,600
52234,25092,77326,0,0,77326,0,0,77326,0,600
53824,25092,78916,0,0,78916,0,0,78916,0,600
54725,25092,79817,0,0,79817,0,0,79817,0,600
53834,25092,78926,0,0,78926,0,0,78926,0,600
53246,23616,76862,0,0,76862,0,0,76862,0,600
51784,23616,75400,0,0,75400,0,0,75400,0,600
51558,25092,76650,0,0,76650,0,0,76650,0,600
54192,25092,79284,0,0,79284,0,0,79284,0,600
56518,26568,83086,0,0,83086,0,0,83086,0,600
57451,26568,84019,0,0,84019,0,0,84019,0,600
57559,25092,82651,0,0,82651,0,0,82651,0,600
55346,25092,80438,0,0,80438,0,0,80438,0,600
55002,25092,80094,0,0,80094,0,0,80094,0,600
57244,25092,82336,0,0,82336,0,0,82336,0,600
58930,25092,84022,0,0,84022,0,0,84022,0,600
60745,22140,82885,0,0,82885,0,0,82885,0,600
56565,19188,75753,0,0,75753,0,0,75753,0,600
62128,16236,78364,0,0,78364,0,0,78364,0,600
62156,13284,75440,0,0,75440,0,0,75440,0,600
58716,10332,69048,0,0,69048,0,0,69048,0,600
60361,8856,69217,0,0,69217,0,0,69217,0,600
57807,5904,63711,0,0,63711,0,0,63711,0,600
59225,4428,63653,0,0,63653,0,0,63653,0,1000
55972,2952,58924,0,0,58924,0,0,58924,0,1000
59313,4428,63741,0,0,63741,0,0,63741,0,1000
56019,5904,61923,0,0,61923,0,0,61923,0,1000
62666,8856,71522,0,0,71522,0,0,71522,0,1000
53008,11808,64816,0,0,64816,0,0,64816,0,1000
53298,14760,68058,0,0,68058,0,0,68058,0,1000
52971,16236,69207,0,0,69207,0,0,69207,0,1000
52236,19188,71424,0,0,71424,0,0,71424,0,1000
54197,22140,76337,0,0,76337,0,0,76337,0,1000
56016,25092,81108,0,0,81108,0,0,81108,0,1000
56705,25092,81797,0,0,81797,0,0,81797,0,1000
55322,25092,80414,0,0,80414,0,0,80414,0,1000
56504,26568,83072,0,0,83072,0,0,83072,0,1000
57728,26568,84296,0,0,84296,0,0,84296,0,1000
58151,25092,83243,0,0,83243,0,0,83243,0,1000
59512,25092,84604,0,0,84604,0,0,84604,0,1000
74367,30996,105363,0,0,105363,0,0,105363,0,1000
69869,28402,98271,0,0,98271,0,0,98271,0,1000
65635,25450,91085,0,0,91085,0,0,91085,0,1000
58166,22498,80664,0,0,80664,0,0,80664,0,1000
67468,25450,92918,0,0,92918,0,0,92918,0,1000
68115,23974,92089,0,0,92089,0,0,92089,0,1000
67134,22498,89632,0,0,89632,0,0,89632,0,1000
66857,22498,89355,0,0,89355,0,0,89355,0,1000
66268,22498,88766,0,0,88766,0,0,88766,0,1000
65830,22498,88328,0,0,88328,0,0,88328,0,1000
53677,16594,70271,0,0,70271,0,0,70271,0,1000
59373,19188,78561,0,0,78561,0,0,78561,0,1000
57595,19188,76783,0,0,76783,0,0,76783,0,1000
65729,22140,87869,0,0,87869,0,0,87869,0,1000
57780,19188,76968,0,0,76968,0,0,76968,0,1000
64171,22140,86311,0,0,86311,0,0,86311,0,1000
67918,22140,90058,0,0,90058,0,0,90058,0,1000
64863,20664,85527,0,0,85527,0,0,85527,0,1000
69876,22140,92016,0,0,92016,0,0,92016,0,1000
68090,20664,88754,0,0,88754,0,0,88754,0,1000
74919,23616,98535,0,0,98535,0,0,98535,0,1000
71229,22140,93369,0,0,93369,0,0,93369,0,1000
77739,23616,101355,0,0,101355,0,0,101355,0,1000
68483,20664,89147,0,0,89147,0,0,89147,0,1000
67796,20664,88460,0,0,88460,0,0,88460,0,1000
68983,20664,89647,0,0,89647,0,0,89647,0,1000
60986,19188,80174,0,0,80174,0,0,80174,0,1000
70331,22140,92471,0,0,92471,0,0,92471,0,1000
68335,20664,88999,0,0,88999,0,0,88999,0,1000
69390,22140,91530,0,0,91530,0,0,91530,0,1000
65593,20664,86257,0,0,86257,0,0,86257,0,1000
68201,20664,88865,0,0,88865,0,0,88865,0,1000
71046,22140,93186,0,0,93186,0,0,93186,0,1000
72585,22140,94725,0,0,94725,0,0,94725,0,1000
74169,22140,96309,0,0,96309,0,0,96309,0,1000
74293,22140,96433,0,0,96433,0,0,96433,0,1000
83921,25092,109013,0,0,109013,0,0,109013,0,1000
76379,22140,98519,0,0,98519,0,0,98519,0,1000
77177,22140,99317,0,0,99317,0,0,99317,0,1000
78821,20664,99485,0,0,99485,0,0,99485,0,1000
80911,20664,101575,0,0,101575,0,0,101575,0,1000
82226,20664,102890,0,0,102890,0,0,102890,0,1000
85137,20664,105801,0,0,105801,0,0,105801,0,1000
86002,20664,106666,0,0,106666,0,0,106666,0,1000
86848,20664,107512,0,0,107512,0,0,107512,0,1000
88332,20664,108996,0,0,108996,0,0,108996,0,1000
88770,19188,107958,0,0,107958,0,0,107958,0,1000
90059,19188,109247,0,0,109247,0,0,109247,0,1000
93773,20664,114437,0,0,114437,0,0,114437,0,1000
93857,20664,114521,0,0,114521,0,0,114521,0,1000
101974,20664,122638,0,0,122638,0,0,122638,0,1000
100077,20664,120741,0,0,120741,0,0,120741,0,1000
99025,19188,118213,0,0,118213,0,0,118213,0,1000
97583,19188,116771,0,0,116771,0,0,116771,0,1000
100013,19188,119201,0,0,119201,0,0,119201,0,1000
100488,19188,119676,0,0,119676,0,0,119676,0,1000
105067,19188,124255,0,0,124255,0,0,124255,0,1000
106837,20664,127501,0,0,127501,0,0,127501,0,1000
107367,19188,126555,0,0,126555,0,0,126555,0,1000
107117,19188,126305,0,0,126305,0,0,126305,0,1000
99108,17712,116820,0,0,116820,0,0,116820,0,1000
107635,19188,126823,0,0,126823,0,0,126823,0,1000
106601,19188,125789,0,0,125789,0,0,125789,0,1000
115253,20664,135917,0,0,135917,0,0,135917,0,1000
112589,19188,131777,0,0,131777,0,0,131777,0,1000
118096,19188,137284,0,0,137284,0,0,137284,0,1000
113786,19188,132974,0,0,132974,0,0,132974,0,1000
118759,17712,136471,0,0,136471,0,0,136471,0,1000
115926,17712,133638,0,0,133638,0,0,133638,0,1000
125359,19188,144547,0,0,144547,0,0,144547,0,1000
125716,19188,144904,0,0,144904,0,0,144904,0,1000
128659,19188,147847,0,0,147847,0,0,147847,0,1000
128554,19188,147742,0,0,147742,0,0,147742,0,1000
130194,17712,147906,0,0,147906,0,0,147906,0,1000
130082,17712,147794,0,0,147794,0,0,147794,0,1000
132592,16236,148828,0,0,148828,0,0,148828,0,1000
132188,14760,146948,0,0,146948,0,0,146948,0,1000
131115,13284,144399,0,0,144399,0,0,144399,0,1000
129186,11808,140994,0,0,140994,0,0,140994,0,1000
111916,8856,120772,0,0,120772,0,0,120772,0,1000
122764,7380,130144,0,0,130144,0,0,130144,0,1000
122905,4428,127333,0,0,127333,0,0,127333,0,1000
122625,2952,125577,0,0,125577,0,0,125577,0,1000
117659,1476,119135,0,0,119135,0,0,119135,0,1000
114763,0,114763,0,0,114763,0,0,114763,0,1000
109358,0,109358,0,0,109358,0,0,109358,0,1000
107036,0,107036,0,0,107036,0,0,107036,0,1000
108336,0,108336,0,0,108336,0,0,108336,0,1000
112128,0,112128,0,0,112128,0,0,112128,0,1000
126806,0,126806,0,0,126806,0,0,126806,0,1000
112961,0,112961,0,0,112961,0,0,112961,0,1000
108185,0,108185,0,0,108185,0,0,108185,0,1000
105671,0,105671,0,0,105671,0,0,105671,0,1000
106638,0,106638,0,0,106638,0,0,106638,0,1000
107606,1476,109082,0,0,109082,0,0,109082,0,1000
107626,4428,112054,0,0,112054,0,0,112054,0,1000
108605,5904,114509,0,0,114509,0,0,114509,0,1000
107965,8856,116821,0,0,116821,0,0,116821,0,1000
106587,10332,116919,0,0,116919,0,0,116919,0,1000
102678,13284,115962,0,0,115962,0,0,115962,0,1000
102382,14760,117142,0,0,117142,0,0,117142,0,1000
105623,16236,121859,0,0,121859,0,0,121859,0,1000
105425,17712,123137,0,0,123137,0,0,123137,0,1000
105610,20664,126274,0,0,126274,0,0,126274,0,1000
107572,22140,129712,0,0,129712,0,0,129712,0,1000
96532,19188,115720,0,0,115720,0,0,115720,0,1000
111828,22140,133968,0,0,133968,0,0,133968,0,1000
113900,22140,136040,0,0,136040,0,0,136040,0,1000
113252,22140,135392,0,0,135392,0,0,135392,0,1000
114097,22140,136237,0,0,136237,0,0,136237,0,1000
118229,22140,140369,0,0,140369,0,0,140369,0,1000
114818,23616,138434,0,0,138434,0,0,138434,0,1000
121766,23616,145382,0,0,145382,0,0,145382,0,1000
117806,20664,138470,0,0,138470,0,0,138470,0,1000
119385,17712,137097,0,0,137097,0,0,137097,0,1000
127768,17712,145480,0,0,145480,0,0,145480,0,1000
103884,13284,117168,0,0,117168,0,0,117168,0,1000
100812,10332,111144,0,0,111144,0,0,111144,0,1000
117169,8856,126025,0,0,126025,0,0,126025,0,1000
111523,5904,117427,0,0,117427,0,0,117427,0,1000
105810,4428,110238,0,0,110238,0,0,110238,0,1000
100482,1476,101958,0,0,101958,0,0,101958,0,1000
95693,0,95693,0,0,95693,0,0,95693,0,1000
91234,0,91234,0,0,91234,0,0,91234,0,1000
89121,0,89121,0,0,89121,0,0,89121,0,1000
85198,0,85198,0,0,85198,0,0,85198,0,1000
93946,0,93946,0,0,93946,0,0,93946,0,1000
77717,0,77717,0,0,77717,0,0,77717,0,1000
67632,0,67632,0,0,67632,0,0,67632,0,1000
67735,0,67735,0,0,67735,0,0,67735,0,1000
69040,0,69040,0,0,69040,0,0,69040,0,1000
68903,0,68903,0,0,68903,0,0,68903,0,1000
68501,0,68501,0,0,68501,0,0,68501,0,1000
69673,1476,71149,0,0,71149,0,0,71149,0,1000
59996,1476,61472,0,0,61472,0,0,61472,0,1000
69591,5904,75495,0,0,75495,0,0,75495,0,1000
68204,8856,77060,0,0,77060,0,0,77060,0,1000
68890,10332,79222,0,0,79222,0,0,79222,0,1000
61841,10332,72173,0,0,72173,0,0,72173,0,1000
64819,13284,78103,0,0,78103,0,0,78103,0,1000
62088,14760,76848,0,0,76848,0,0,76848,0,1000
55808,14760,70568,0,0,70568,0,0,70568,0,1000
46968,14760,61728,0,0,61728,0,0,61728,0,1000
52049,13284,65333,0,0,65333,0,0,65333,0,1000
62949,10332,73281,0,0,73281,0,0,73281,0,1000
63597,8856,72453,0,0,72453,0,0,72453,0,1000
64896,5904,70800,0,0,70800,0,0,70800,0,1000
63964,5904,69868,0,0,69868,0,0,69868,0,1000
71734,7380,79114,0,0,79114,0,0,79114,0,1000
67780,5904,73684,0,0,73684,0,0,73684,0,1000
70754,7380,78134,0,0,78134,0,0,78134,0,1000
75461,8856,84317,0,0,84317,0,0,84317,0,1000
85258,11808,97066,0,0,97066,0,0,97066,0,1000
88471,16236,104707,0,0,104707,0,0,104707,0,1000
71915,17675,89590,0,0,89590,0,0,89590,0,1000
71543,19151,90694,0,0,90694,0,0,90694,0,1000
71421,22103,93524,0,0,93524,0,0,93524,0,1000
72359,22103,94462,0,0,94462,0,0,94462,0,1000
72129,23579,95708,0,0,95708,0,0,95708,0,1000
75802,23579,99381,0,0,99381,0,0,99381,0,1000
77360,25055,102415,0,0,102415,0,0,102415,0,1000
80031,25055,105086,0,0,105086,0,0,105086,0,1000
73113,23579,96692,0,0,96692,0,0,96692,0,1000
80555,25092,105647,0,0,105647,0,0,105647,0,1000
82646,25092,107738,0,0,107738,0,0,107738,0,1000
84612,26568,111180,0,0,111180,0,0,111180,0,1000
86106,26568,112674,0,0,112674,0,0,112674,0,1000
89509,26568,116077,0,0,116077,0,0,116077,0,1000
90865,26568,117433,0,0,117433,0,0,117433,0,1000
90273,26568,116841,0,0,116841,0,0,116841,0,1000
92153,25092,117245,0,0,117245,0,0,117245,0,1000
91539,25092,116631,0,0,116631,0,0,116631,0,1000
91558,23616,115174,0,0,115174,0,0,115174,0,1000
92416,23616,116032,0,0,116032,0,0,116032,0,1000
92315,23616,115931,0,0,115931,0,0,115931,0,1000
93180,22140,115320,0,0,115320,0,0,115320,0,1000
93406,22140,115546,0,0,115546,0,0,115546,0,1000
93182,22140,115322,0,0,115322,0,0,115322,0,1000
92264,22140,114404,0,0,114404,0,0,114404,0,1000
92161,22140,114301,0,0,114301,0,0,114301,0,1000
91412,22140,113552,0,0,113552,0,0,113552,0,1000
91342,22140,113482,0,0,113482,0,0,113482,0,1000
91859,22140,113999,0,0,113999,0,0,113999,0,1000
93521,22140,115661,0,0,115661,0,0,115661,0,1000
94897,23616,118513,0,0,118513,0,0,118513,0,1000
96015,23616,119631,0,0,119631,0,0,119631,0,1000
95669,23616,119285,0,0,119285,0,0,119285,0,1000
97579,23616,121195,0,0,121195,0,0,121195,0,1000
101423,23616,125039,0,0,125039,0,0,125039,0,1000
104182,23616,127798,0,0,127798,0,0,127798,0,1000
105982,23616,129598,0,0,129598,0,0,129598,0,1000
106472,22140,128612,0,0,128612,0,0,128612,0,1000
107066,22140,129206,0,0,129206,0,0,129206,0,1000
106360,22140,128500,0,0,128500,0,0,128500,0,1000
105998,20664,126662,0,0,126662,0,0,126662,0,1000
105123,20664,125787,0,0,125787,0,0,125787,0,1000
106684,20664,127348,0,0,127348,0,0,127348,0,1000
106250,20664,126914,0,0,126914,0,0,126914,0,1000
104303,20664,124967,0,0,124967,0,0,124967,0,1000
104836,20664,125500,0,0,125500,0,0,125500,0,1000
105847,20664,126511,0,0,126511,0,0,126511,0,1000
110682,23616,134298,0,0,134298,0,0,134298,0,1000
102918,22140,125058,0,0,125058,0,0,125058,0,1000
104635,22140,126775,0,0,126775,0,0,126775,0,1000
117405,25092,142497,0,0,142497,0,0,142497,0,1000
113714,23616,137330,0,0,137330,0,0,137330,0,1000
118380,23616,141996,0,0,141996,0,0,141996,0,1000
117066,23616,140682,0,0,140682,0,0,140682,0,1000
125098,22140,147238,0,0,147238,0,0,147238,0,1000
120086,19188,139274,0,0,139274,0,0,139274,0,1000
122031,17712,139743,0,0,139743,0,0,139743,0,1000
112085,13284,125369,0,0,125369,0,0,125369,0,1000
123413,13284,136697,0,0,136697,0,0,136697,0,1000
117559,10332,127891,0,0,127891,0,0,127891,0,1000
107808,5904,113712,0,0,113712,0,0,113712,0,1000
107544,4428,111972,0,0,111972,0,0,111972,0,1000
106519,2952,109471,0,0,109471,0,0,109471,0,1000
104991,1476,106467,0,0,106467,0,0,106467,0,1000
99723,2952,102675,0,0,102675,0,0,102675,0,1000
91350,2952,94302,0,0,94302,0,0,94302,0,1000
86746,4428,91174,0,0,91174,0,0,91174,0,1000
91594,7380,98974,0,0,98974,0,0,98974,0,1000
98472,10332,108804,0,0,108804,0,0,108804,0,1000
99472,13284,112756,0,0,112756,0,0,112756,0,1000
101757,16236,117993,0,0,117993,0,0,117993,0,1000
102345,17712,120057,0,0,120057,0,0,120057,0,1000
103606,19188,122794,0,0,122794,0,0,122794,0,1000
102613,20664,123277,0,0,123277,0,0,123277,0,1000
103170,20664,123834,0,0,123834,0,0,123834,0,1000
102749,20664,123413,0,0,123413,0,0,123413,0,1000
103854,20664,124518,0,0,124518,0,0,124518,0,1000
108487,20664,129151,0,0,129151,0,0,129151,0,1000
110312,22140,132452,0,0,132452,0,0,132452,0,1000
108555,20664,129219,0,0,129219,0,0,129219,0,1000
108469,20664,129133,0,0,129133,0,0,129133,0,1000
108830,20664,129494,0,0,129494,0,0,129494,0,1000
109345,22140,131485,0,0,131485,0,0,131485,0,1000
109905,20664,130569,0,0,130569,0,0,130569,0,1000
110394,22140,132534,0,0,132534,0,0,132534,0,1000
111128,22140,133268,0,0,133268,0,0,133268,0,1000
109954,20664,130618,0,0,130618,0,0,130618,0,1000
107773,22140,129913,0,0,129913,0,0,129913,0,1000
107658,20664,128322,0,0,128322,0,0,128322,0,1000
108754,22140,130894,0,0,130894,0,0,130894,0,1000
109026,20664,129690,0,0,129690,0,0,129690,0,1000
108277,22140,130417,0,0,130417,0,0,130417,0,1000
108781,22140,130921,0,0,130921,0,0,130921,0,1000
108498,22140,130638,0,0,130638,0,0,130638,0,1000
108870,20664,129534,0,0,129534,0,0,129534,0,1000
112211,22140,134351,0,0,134351,0,0,134351,0,1000
112650,22140,134790,0,0,134790,0,0,134790,0,1000
111492,20664,132156,0,0,132156,0,0,132156,0,1000
114853,19188,134041,0,0,134041,0,0,134041,0,1000
115218,16236,131454,0,0,131454,0,0,131454,0,1000
136368,14760,151128,0,0,151128,0,0,151128,0,1000
128991,11808,140799,0,0,140799,0,0,140799,0,1000
115584,8856,124440,0,0,124440,0,0,124440,0,1000
110806,7380,118186,0,0,118186,0,0,118186,0,1000
112300,5904,118204,0,0,118204,0,0,118204,0,1000
105087,2952,108039,0,0,108039,0,0,108039,0,1000
111027,1476,112503,0,0,112503,0,0,112503,0,1000
109955,0,109955,0,0,109955,0,0,109955,0,1000
104993,0,104993,0,0,104993,0,0,104993,0,1000
104263,1476,105739,0,0,105739,0,0,105739,0,1000
82698,4428,87126,0,0,87126,0,0,87126,0,1000
91249,5904,97153,0,0,97153,0,0,97153,0,1000
101762,8856,110618,0,0,110618,0,0,110618,0,1000
105779,10332,116111,0,0,116111,0,0,116111,0,1000
103941,13284,117225,0,0,117225,0,0,117225,0,1000
108948,14760,123708,0,0,123708,0,0,123708,0,1000
102159,16236,118395,0,0,118395,0,0,118395,0,1000
102519,17712,120231,0,0,120231,0,0,120231,0,1000
105856,20664,126520,0,0,126520,0,0,126520,0,1000
105364,20664,126028,0,0,126028,0,0,126028,0,1000
106502,20664,127166,0,0,127166,0,0,127166,0,1000
105733,20664,126397,0,0,126397,0,0,126397,0,1000
107849,20664,128513,0,0,128513,0,0,128513,0,1000
99973,19188,119161,0,0,119161,0,0,119161,0,1000
112835,22140,134975,0,0,134975,0,0,134975,0,1000
117290,23616,140906,0,0,140906,0,0,140906,0,1000
114433,23616,138049,0,0,138049,0,0,138049,0,1000
122026,25092,147118,0,0,147118,0,0,147118,0,1000
117149,23616,140765,0,0,140765,0,0,140765,0,1000
121092,22140,143232,0,0,143232,0,0,143232,0,1000
114712,19188,133900,0,0,133900,0,0,133900,0,1000
118774,17712,136486,0,0,136486,0,0,136486,0,1000
112556,14760,127316,0,0,127316,0,0,127316,0,1000
124053,14760,138813,0,0,138813,0,0,138813,0,1000
106653,8856,115509,0,0,115509,0,0,115509,0,1000
104168,5904,110072,0,0,110072,0,0,110072,0,1000
104431,4428,108859,0,0,108859,0,0,108859,0,1000
99993,1476,101469,0,0,101469,0,0,101469,0,1000
97438,0,97438,0,0,97438,0,0,97438,0,1000
97222,0,97222,0,0,97222,0,0,97222,0,1000
95914,0,95914,0,0,95914,0,0,95914,0,1000
95323,2952,98275,0,0,98275,0,0,98275,0,1000
94983,4428,99411,0,0,99411,0,0,99411,0,1000
83486,4428,87914,0,0,87914,0,0,87914,0,1000
90820,7380,98200,0,0,98200,0,0,98200,0,1000
89348,10332,99680,0,0,99680,0,0,99680,0,1000
87173,11808,98981,0,0,98981,0,0,98981,0,1000
86288,14760,101048,0,0,101048,0,0,101048,0,1000
86647,16236,102883,0,0,102883,0,0,102883,0,1000
86826,19188,106014,0,0,106014,0,0,106014,0,1000
87374,20664,108038,0,0,108038,0,0,108038,0,1000
96108,22140,118248,0,0,118248,0,0,118248,0,1000
90424,22140,112564,0,0,112564,0,0,112564,0,1000
101211,23616,124827,0,0,124827,0,0,124827,0,1000
93939,23616,117555,0,0,117555,0,0,117555,0,1000
96586,22140,118726,0,0,118726,0,0,118726,0,1000
98337,23616,121953,0,0,121953,0,0,121953,0,1000
99013,23616,122629,0,0,122629,0,0,122629,0,1000
103993,25092,129085,0,0,129085,0,0,129085,0,1000
99315,23616,122931,0,0,122931,0,0,122931,0,1000
104114,25092,129206,0,0,129206,0,0,129206,0,1000
91595,22140,113735,0,0,113735,0,0,113735,0,1000
100483,23616,124099,0,0,124099,0,0,124099,0,1000
96095,23616,119711,0,0,119711,0,0,119711,0,1000
99256,23616,122872,0,0,122872,0,0,122872,0,1000
95030,23616,118646,0,0,118646,0,0,118646,0,1000
100839,23616,124455,0,0,124455,0,0,124455,0,1000
98128,22140,120268,0,0,120268,0,0,120268,0,1000
95515,22140,117655,0,0,117655,0,0,117655,0,1000
94592,22140,116732,0,0,116732,0,0,116732,0,1000
93492,22140,115632,0,0,115632,0,0,115632,0,1000
93210,22140,115350,0,0,115350,0,0,115350,0,1000
96475,22140,118615,0,0,118615,0,0,118615,0,1000
101363,23616,124979,0,0,124979,0,0,124979,0,1000
104743,25092,129835,0,0,129835,0,0,129835,0,1000
105127,25092,130219,0,0,130219,0,0,130219,0,1000
102567,25092,127659,0,0,127659,0,0,127659,0,1000
101614,25092,126706,0,0,126706,0,0,126706,0,1000
104740,23616,128356,0,0,128356,0,0,128356,0,1000
106742,23616,130358,0,0,130358,0,0,130358,0,1000
106905,23616,130521,0,0,130521,0,0,130521,0,1000
107493,23616,131109,0,0,131109,0,0,131109,0,1000
107249,23616,130865,0,0,130865,0,0,130865,0,1000
105666,22140,127806,0,0,127806,0,0,127806,0,1000
102493,20664,123157,0,0,123157,0,0,123157,0,1000
102842,20664,123506,0,0,123506,0,0,123506,0,1000
103767,19188,122955,0,0,122955,0,0,122955,0,1000
104951,19188,124139,0,0,124139,0,0,124139,0,1000
105472,20664,126136,0,0,126136,0,0,126136,0,1000
108612,20664,129276,0,0,129276,0,0,129276,0,1000
111685,20664,132349,0,0,132349,0,0,132349,0,1000
113192,22140,135332,0,0,135332,0,0,135332,0,1000
115280,22140,137420,0,0,137420,0,0,137420,0,1000
115243,22140,137383,0,0,137383,0,0,137383,0,1000
115590,22140,137730,0,0,137730,0,0,137730,0,1000
114587,22140,136727,0,0,136727,0,0,136727,0,1000
117901,22140,140041,0,0,140041,0,0,140041,0,1000
120433,20664,141097,0,0,141097,0,0,141097,0,1000
107293,17712,125005,0,0,125005,0,0,125005,0,1000
116492,16236,132728,0,0,132728,0,0,132728,0,1000
102031,13284,115315,0,0,115315,0,0,115315,0,1000
114743,10332,125075,0,0,125075,0,0,125075,0,1000
125948,7380,133328,0,0,133328,0,0,133328,0,1000
117975,5904,123879,0,0,123879,0,0,123879,0,1000
113554,2952,116506,0,0,116506,0,0,116506,0,1000
116398,1476,117874,0,0,117874,0,0,117874,0,1000
113455,0,113455,0,0,113455,0,0,113455,0,1000
111575,0,111575,0,0,111575,0,0,111575,0,1000
122275,0,122275,0,0,122275,0,0,122275,0,1000
110829,0,110829,0,0,110829,0,0,110829,0,1000
121892,0,121892,0,0,121892,0,0,121892,0,1000
107514,0,107514,0,0,107514,0,0,107514,0,1000
93120,2952,96072,0,0,96072,0,0,96072,0,1000
97723,2952,100675,0,0,100675,0,0,100675,0,1000
103440,5904,109344,0,0,109344,0,0,109344,0,1000
100658,7380,108038,0,0,108038,0,0,108038,0,1000
100281,10332,110613,0,0,110613,0,0,110613,0,1000
98866,11808,110674,0,0,110674,0,0,110674,0,1000
101983,14760,116743,0,0,116743,0,0,116743,0,1000
102502,16236,118738,0,0,118738,0,0,118738,0,1000
103197,19188,122385,0,0,122385,0,0,122385,0,1000
103422,20664,124086,0,0,124086,0,0,124086,0,1000
102173,19188,121361,0,0,121361,0,0,121361,0,1000
105615,22140,127755,0,0,127755,0,0,127755,0,1000
104249,20664,124913,0,0,124913,0,0,124913,0,1000
110156,22140,132296,0,0,132296,0,0,132296,0,1000
106008,20664,126672,0,0,126672,0,0,126672,0,1000
105225,20664,125889,0,0,125889,0,0,125889,0,1000
104014,20664,124678,0,0,124678,0,0,124678,0,1000
102723,20664,123387,0,0,123387,0,0,123387,0,1000
105694,20664,126358,0,0,126358,0,0,126358,0,1000
97374,19188,116562,0,0,116562,0,0,116562,0,1000
107048,22140,129188,0,0,129188,0,0,129188,0,1000
109197,20664,129861,0,0,129861,0,0,129861,0,1000
106911,22140,129051,0,0,129051,0,0,129051,0,1000
104551,20664,125215,0,0,125215,0,0,125215,0,1000
104117,20664,124781,0,0,124781,0,0,124781,0,1000
112486,22140,134626,0,0,134626,0,0,134626,0,1000
108232,20664,128896,0,0,128896,0,0,128896,0,1000
113984,22140,136124,0,0,136124,0,0,136124,0,1000
107400,20664,128064,0,0,128064,0,0,128064,0,1000
121212,23616,144828,0,0,144828,0,0,144828,0,1000
109385,22140,131525,0,0,131525,0,0,131525,0,1000
112361,23616,135977,0,0,135977,0,0,135977,0,1000
113267,22140,135407,0,0,135407,0,0,135407,0,1000
102013,20664,122677,0,0,122677,0,0,122677,0,1000
106037,20664,126701,0,0,126701,0,0,126701,0,1000
115059,22140,137199,0,0,137199,0,0,137199,0,1000
114504,20664,135168,0,0,135168,0,0,135168,0,1000
112312,17712,130024,0,0,130024,0,0,130024,0,1000
112442,16236,128678,0,0,128678,0,0,128678,0,1000
110359,13284,123643,0,0,123643,0,0,123643,0,1000
101033,10332,111365,0,0,111365,0,0,111365,0,1000
93890,7380,101270,0,0,101270,0,0,101270,0,1000
103882,5904,109786,0,0,109786,0,0,109786,0,1000
108512,5904,114416,0,0,114416,0,0,114416,0,1000
108069,4428,112497,0,0,112497,0,0,112497,0,1000
91949,1476,93425,0,0,93425,0,0,93425,0,1000
94713,4428,99141,0,0,99141,0,0,99141,0,1000
90816,5904,96720,0,0,96720,0,0,96720,0,1000
93760,8856,102616,0,0,102616,0,0,102616,0,1000
89488,10332,99820,0,0,99820,0,0,99820,0,1000
101064,13284,114348,0,0,114348,0,0,114348,0,1000
83961,16236,100197,0,0,100197,0,0,100197,0,1000
84104,16236,100340,0,0,100340,0,0,100340,0,1000
83083,19188,102271,0,0,102271,0,0,102271,0,1000
83535,20664,104199,0,0,104199,0,0,104199,0,1000
84945,19188,104133,0,0,104133,0,0,104133,0,1000
84854,20664,105518,0,0,105518,0,0,105518,0,1000
87917,20664,108581,0,0,108581,0,0,108581,0,1000
89722,22140,111862,0,0,111862,0,0,111862,0,1000
103013,25092,128105,0,0,128105,0,0,128105,0,1000
99714,23616,123330,0,0,123330,0,0,123330,0,1000
102480,23616,126096,0,0,126096,0,0,126096,0,1000
108628,26568,135196,0,0,135196,0,0,135196,0,1000
112727,26568,139295,0,0,139295,0,0,139295,0,1000
113357,25092,138449,0,0,138449,0,0,138449,0,1000
115436,26568,142004,0,0,142004,0,0,142004,0,1000
115823,25092,140915,0,0,140915,0,0,140915,0,1000
114783,25092,139875,0,0,139875,0,0,139875,0,1000
114982,23616,138598,0,0,138598,0,0,138598,0,1000
117123,23616,140739,0,0,140739,0,0,140739,0,1000
117608,23616,141224,0,0,141224,0,0,141224,0,1000
113704,22140,135844,0,0,135844,0,0,135844,0,1000
110863,19188,130051,0,0,130051,0,0,130051,0,1000
108647,16236,124883,0,0,124883,0,0,124883,0,1000
108570,14760,123330,0,0,123330,0,0,123330,0,1000
101796,10332,112128,0,0,112128,0,0,112128,0,1000
110751,10332,121083,0,0,121083,0,0,121083,0,1000
97758,5904,103662,0,0,103662,0,0,103662,0,1000
89374,2952,92326,0,0,92326,0,0,92326,0,1000
90838,4428,95266,0,0,95266,0,0,95266,0,1000
89553,4428,93981,0,0,93981,0,0,93981,0,1000
103764,8856,112620,0,0,112620,0,0,112620,0,1000
105855,10332,116187,0,0,116187,0,0,116187,0,1000
105870,13284,119154,0,0,119154,0,0,119154,0,1000
104539,16236,120775,0,0,120775,0,0,120775,0,1000
90060,17712,107772,0,0,107772,0,0,107772,0,1000
87498,20664,108162,0,0,108162,0,0,108162,0,1000
100633,23616,124249,0,0,124249,0,0,124249,0,1000
91854,22140,113994,0,0,113994,0,0,113994,0,1000
105168,25092,130260,0,0,130260,0,0,130260,0,1000
106093,25092,131185,0,0,131185,0,0,131185,0,1000
105070,25092,130162,0,0,130162,0,0,130162,0,1000
108291,26568,134859,0,0,134859,0,0,134859,0,1000
108555,25092,133647,0,0,133647,0,0,133647,0,1000
111039,26568,137607,0,0,137607,0,0,137607,0,1000
111757,25092,136849,0,0,136849,0,0,136849,0,1000
126214,26568,152782,0,0,152782,0,0,152782,0,1000
123836,26568,150404,0,0,150404,0,0,150404,0,1000
117703,25092,142795,0,0,142795,0,0,142795,0,1000
118234,25092,143326,0,0,143326,0,0,143326,0,1000
118455,23616,142071,0,0,142071,0,0,142071,0,1000
118257,23616,141873,0,0,141873,0,0,141873,0,1000
113644,20664,134308,0,0,134308,0,0,134308,0,1000
112880,19188,132068,0,0,132068,0,0,132068,0,1000
100430,16236,116666,0,0,116666,0,0,116666,0,1000
117277,14760,132037,0,0,132037,0,0,132037,0,1000
114542,13284,127826,0,0,127826,0,0,127826,0,1000
103785,10332,114117,0,0,114117,0,0,114117,0,1000
102088,7380,109468,0,0,109468,0,0,109468,0,1000
100019,5904,105923,0,0,105923,0,0,105923,0,1000
98301,2952,101253,0,0,101253,0,0,101253,0,1000
97205,1476,98681,0,0,98681,0,0,98681,0,1000
97778,0,97778,0,0,97778,0,0,97778,0,1000
97771,0,97771,0,0,97771,0,0,97771,0,1000
108464,0,108464,0,0,108464,0,0,108464,0,1000
93094,0,93094,0,0,93094,0,0,93094,0,1000
92884,0,92884,0,0,92884,0,0,92884,0,1000
100749,1476,102225,0,0,102225,0,0,102225,0,1000
100647,4428,105075,0,0,105075,0,0,105075,0,1000
99355,5904,105259,0,0,105259,0,0,105259,0,1000
98896,7380,106276,0,0,106276,0,0,106276,0,1000
98085,8856,106941,0,0,106941,0,0,106941,0,1000
90023,11808,101831,0,0,101831,0,0,101831,0,1000
99570,13284,112854,0,0,112854,0,0,112854,0,1000
99837,16236,116073,0,0,116073,0,0,116073,0,1000
97306,17712,115018,0,0,115018,0,0,115018,0,1000
100837,20664,121501,0,0,121501,0,0,121501,0,1000
89203,17712,106915,0,0,106915,0,0,106915,0,1000
102304,20664,122968,0,0,122968,0,0,122968,0,1000
104139,20664,124803,0,0,124803,0,0,124803,0,1000
94619,19188,113807,0,0,113807,0,0,113807,0,1000
93308,19188,112496,0,0,112496,0,0,112496,0,1000
100065,20664,120729,0,0,120729,0,0,120729,0,1000
89105,17712,106817,0,0,106817,0,0,106817,0,1000
82293,16236,98529,0,0,98529,0,0,98529,0,1000
67250,13284,80534,0,0,80534,0,0,80534,0,1000
70427,11808,82235,0,0,82235,0,0,82235,0,1000
89479,8856,98335,0,0,98335,0,0,98335,0,1000
93572,7380,100952,0,0,100952,0,0,100952,0,1000
90471,5904,96375,0,0,96375,0,0,96375,0,1000
92496,4428,96924,0,0,96924,0,0,96924,0,1000
90426,5904,96330,0,0,96330,0,0,96330,0,1000
94588,5904,100492,0,0,100492,0,0,100492,0,1000
106213,7380,113593,0,0,113593,0,0,113593,0,1000
126963,11808,138771,0,0,138771,0,0,138771,0,1000
129785,11808,141593,0,0,141593,0,0,141593,0,1000
125293,13284,138577,0,0,138577,0,0,138577,0,1000
104563,16236,120799,0,0,120799,0,0,120799,0,1000
99533,17712,117245,0,0,117245,0,0,117245,0,1000
102949,19188,122137,0,0,122137,0,0,122137,0,1000
96778,19188,115966,0,0,115966,0,0,115966,0,1000
97082,17712,114794,0,0,114794,0,0,114794,0,1000
99476,19188,118664,0,0,118664,0,0,118664,0,1000
101453,20664,122117,0,0,122117,0,0,122117,0,1000
89817,17712,107529,0,0,107529,0,0,107529,0,1000
103113,20664,123777,0,0,123777,0,0,123777,0,1000
104942,20664,125606,0,0,125606,0,0,125606,0,1000
107364,20664,128028,0,0,128028,0,0,128028,0,1000
109662,20664,130326,0,0,130326,0,0,130326,0,1000
112839,20664,133503,0,0,133503,0,0,133503,0,1000
116647,20664,137311,0,0,137311,0,0,137311,0,1000
120077,22140,142217,0,0,142217,0,0,142217,0,1000
119869,20664,140533,0,0,140533,0,0,140533,0,1000
119217,20664,139881,0,0,139881,0,0,139881,0,1000
120625,19188,139813,0,0,139813,0,0,139813,0,1000
118771,16236,135007,0,0,135007,0,0,135007,0,1000
118250,14760,133010,0,0,133010,0,0,133010,0,1000
118543,11808,130351,0,0,130351,0,0,130351,0,1000
116880,10332,127212,0,0,127212,0,0,127212,0,1000
117085,8856,125941,0,0,125941,0,0,125941,0,1000
117327,7380,124707,0,0,124707,0,0,124707,0,1000
113838,4428,118266,0,0,118266,0,0,118266,0,1000
109430,2952,112382,0,0,112382,0,0,112382,0,1000
105599,0,105599,0,0,105599,0,0,105599,0,1000
102049,0,102049,0,0,102049,0,0,102049,0,1000
98031,0,98031,0,0,98031,0,0,98031,0,1000
95848,0,95848,0,0,95848,0,0,95848,0,1000
93013,0,93013,0,0,93013,0,0,93013,0,1000
91671,0,91671,0,0,91671,0,0,91671,0,1000
87881,0,87881,0,0,87881,0,0,87881,0,1000
85044,0,85044,0,0,85044,0,0,85044,0,1000
84708,1476,86184,0,0,86184,0,0,86184,0,1000
87598,2952,90550,0,0,90550,0,0,90550,0,1000
90126,5904,96030,0,0,96030,0,0,96030,0,1000
90466,7380,97846,0,0,97846,0,0,97846,0,1000
89617,10332,99949,0,0,99949,0,0,99949,0,1000
89706,11808,101514,0,0,101514,0,0,101514,0,1000
88613,14760,103373,0,0,103373,0,0,103373,0,1000
89109,16236,105345,0,0,105345,0,0,105345,0,1000
89521,19188,108709,0,0,108709,0,0,108709,0,1000
93431,20664,114095,0,0,114095,0,0,114095,0,1000
89276,22140,111416,0,0,111416,0,0,111416,0,1000
92003,22140,114143,0,0,114143,0,0,114143,0,1000
88349,22140,110489,0,0,110489,0,0,110489,0,1000
95844,23616,119460,0,0,119460,0,0,119460,0,1000
99366,23616,122982,0,0,122982,0,0,122982,0,1000
100428,23616,124044,0,0,124044,0,0,124044,0,1000
95798,22140,117938,0,0,117938,0,0,117938,0,1000
99143,23616,122759,0,0,122759,0,0,122759,0,1000
94597,22140,116737,0,0,116737,0,0,116737,0,1000
97061,23616,120677,0,0,120677,0,0,120677,0,1000
100823,22140,122963,0,0,122963,0,0,122963,0,1000
103058,23616,126674,0,0,126674,0,0,126674,0,1000
102682,22140,124822,0,0,124822,0,0,124822,0,1000
98854,22140,120994,0,0,120994,0,0,120994,0,1000
92678,20664,113342,0,0,113342,0,0,113342,0,1000
96438,20664,117102,0,0,117102,0,0,117102,0,1000
98480,20664,119144,0,0,119144,0,0,119144,0,1000
98136,20664,118800,0,0,118800,0,0,118800,0,1000
99451,20664,120115,0,0,120115,0,0,120115,0,1000
99300,19188,118488,0,0,118488,0,0,118488,0,1000
101761,20664,122425,0,0,122425,0,0,122425,0,1000
95982,19188,115170,0,0,115170,0,0,115170,0,1000
100359,20664,121023,0,0,121023,0,0,121023,0,1000
96686,19188,115874,0,0,115874,0,0,115874,0,1000
101385,19188,120573,0,0,120573,0,0,120573,0,1000
98242,19188,117430,0,0,117430,0,0,117430,0,1000
105615,20664,126279,0,0,126279,0,0,126279,0,1000
103469,19188,122657,0,0,122657,0,0,122657,0,1000
109254,20664,129918,0,0,129918,0,0,129918,0,1000
106246,22140,128386,0,0,128386,0,0,128386,0,1000
105867,20664,126531,0,0,126531,0,0,126531,0,1000
104706,20664,125370,0,0,125370,0,0,125370,0,1000
103656,20664,124320,0,0,124320,0,0,124320,0,1000
112492,22140,134632,0,0,134632,0,0,134632,0,1000
108929,22140,131069,0,0,131069,0,0,131069,0,1000
112512,22140,134652,0,0,134652,0,0,134652,0,1000
106060,22140,128200,0,0,128200,0,0,128200,0,1000
109812,22140,131952,0,0,131952,0,0,131952,0,1000
105688,22140,127828,0,0,127828,0,0,127828,0,1000
110113,22140,132253,0,0,132253,0,0,132253,0,1000
106865,22140,129005,0,0,129005,0,0,129005,0,1000
112901,22140,135041,0,0,135041,0,0,135041,0,1000
109596,22140,131736,0,0,131736,0,0,131736,0,1000
109134,22140,131274,0,0,131274,0,0,131274,0,1000
111299,22140,133439,0,0,133439,0,0,133439,0,1000
111842,22140,133982,0,0,133982,0,0,133982,0,1000
113774,20664,134438,0,0,134438,0,0,134438,0,1000
113678,20664,134342,0,0,134342,0,0,134342,0,1000
114501,19188,133689,0,0,133689,0,0,133689,0,1000
114070,16236,130306,0,0,130306,0,0,130306,0,1000
112119,14760,126879,0,0,126879,0,0,126879,0,1000
113064,13284,126348,0,0,126348,0,0,126348,0,1000
111493,10332,121825,0,0,121825,0,0,121825,0,1000
107435,7380,114815,0,0,114815,0,0,114815,0,1000
108231,5904,114135,0,0,114135,0,0,114135,0,1000
121459,4428,125887,0,0,125887,0,0,125887,0,1000
111919,2952,114871,0,0,114871,0,0,114871,0,1000
105907,2952,108859,0,0,108859,0,0,108859,0,1000
104344,2952,107296,0,0,107296,0,0,107296,0,1000
102095,5904,107999,0,0,107999,0,0,107999,0,1000
102526,8856,111382,0,0,111382,0,0,111382,0,1000
95136,10332,105468,0,0,105468,0,0,105468,0,1000
103086,13284,116370,0,0,116370,0,0,116370,0,1000
99438,14760,114198,0,0,114198,0,0,114198,0,1000
97084,17712,114796,0,0,114796,0,0,114796,0,1000
79611,19188,98799,0,0,98799,0,0,98799,0,1000
92573,22140,114713,0,0,114713,0,0,114713,0,1000
95737,23616,119353,0,0,119353,0,0,119353,0,1000
99518,25092,124610,0,0,124610,0,0,124610,0,1000
95773,23616,119389,0,0,119389,0,0,119389,0,1000
99501,23616,123117,0,0,123117,0,0,123117,0,1000
102466,23616,126082,0,0,126082,0,0,126082,0,1000
100268,23616,123884,0,0,123884,0,0,123884,0,1000
101162,25092,126254,0,0,126254,0,0,126254,0,1000
106654,25092,131746,0,0,131746,0,0,131746,0,1000
107125,25092,132217,0,0,132217,0,0,132217,0,1000
107125,25092,132217,0,0,132217,0,0,132217,0,1000
106369,23616,129985,0,0,129985,0,0,129985,0,1000
107733,23616,131349,0,0,131349,0,0,131349,0,1000
108819,23616,132435,0,0,132435,0,0,132435,0,1000
112351,23616,135967,0,0,135967,0,0,135967,0,1000
112378,23616,135994,0,0,135994,0,0,135994,0,1000
113012,23616,136628,0,0,136628,0,0,136628,0,1000
114517,22140,136657,0,0,136657,0,0,136657,0,1000
112459,22140,134599,0,0,134599,0,0,134599,0,1000
112669,20664,133333,0,0,133333,0,0,133333,0,1000
110969,17712,128681,0,0,128681,0,0,128681,0,1000
110496,16236,126732,0,0,126732,0,0,126732,0,1000
109029,13284,122313,0,0,122313,0,0,122313,0,1000
107868,11808,119676,0,0,119676,0,0,119676,0,1000
105254,8856,114110,0,0,114110,0,0,114110,0,1000
103837,7380,111217,0,0,111217,0,0,111217,0,1000
105326,4428,109754,0,0,109754,0,0,109754,0,1000
103548,2952,106500,0,0,106500,0,0,106500,0,1000
102989,2952,105941,0,0,105941,0,0,105941,0,1000
102337,4428,106765,0,0,106765,0,0,106765,0,1000
101450,7380,108830,0,0,108830,0,0,108830,0,1000
102050,10332,112382,0,0,112382,0,0,112382,0,1000
101787,11808,113595,0,0,113595,0,0,113595,0,1000
101176,14760,115936,0,0,115936,0,0,115936,0,1000
98412,16236,114648,0,0,114648,0,0,114648,0,1000
97770,19188,116958,0,0,116958,0,0,116958,0,1000
96546,22140,118686,0,0,118686,0,0,118686,0,1000
95979,23616,119595,0,0,119595,0,0,119595,0,1000
97540,23616,121156,0,0,121156,0,0,121156,0,1000
98397,25092,123489,0,0,123489,0,0,123489,0,1000
106131,26568,132699,0,0,132699,0,0,132699,0,1000
103260,25092,128352,0,0,128352,0,0,128352,0,1000
103091,26568,129659,0,0,129659,0,0,129659,0,1000
103881,25092,128973,0,0,128973,0,0,128973,0,1000
109475,26568,136043,0,0,136043,0,0,136043,0,1000
112001,26568,138569,0,0,138569,0,0,138569,0,1000
114063,26568,140631,0,0,140631,0,0,140631,0,1000
115106,26568,141674,0,0,141674,0,0,141674,0,1000
114571,25092,139663,0,0,139663,0,0,139663,0,1000
114489,23616,138105,0,0,138105,0,0,138105,0,1000
109396,22140,131536,0,0,131536,0,0,131536,0,1000
113511,23616,137127,0,0,137127,0,0,137127,0,1000
114505,22140,136645,0,0,136645,0,0,136645,0,1000
114903,23616,138519,0,0,138519,0,0,138519,0,1000
